                 	bindweed	buttercup	crocus	daffodil	daisy	dandelion	foxglove	grape_hyacinths	japanese_anemone	lilypad	orchids	poppy	rose	sunflower	thistle	viola	yellow_wildflower
bindweed         	39.0    	2.0      	0.0   	6.0     	6.0  	6.0      	5.0     	2.0            	0.0             	15.0   	6.0    	1.0  	4.0 	1.0      	1.0    	6.0  	0.0              
buttercup        	2.0     	10.0     	0.0   	4.0     	0.0  	15.0     	1.0     	1.0            	0.0             	3.0    	0.0    	0.0  	3.0 	1.0      	0.0    	1.0  	3.0              
crocus           	1.0     	0.0      	4.0   	1.0     	1.0  	2.0      	8.0     	3.0            	0.0             	3.0    	1.0    	0.0  	4.0 	0.0      	2.0    	3.0  	1.0              
daffodil         	0.0     	4.0      	0.0   	5.0     	1.0  	0.0      	0.0     	0.0            	0.0             	8.0    	0.0    	1.0  	0.0 	4.0      	1.0    	1.0  	2.0              
daisy            	2.0     	0.0      	0.0   	1.0     	8.0  	0.0      	1.0     	1.0            	0.0             	6.0    	3.0    	0.0  	1.0 	0.0      	0.0    	3.0  	0.0              
dandelion        	2.0     	11.0     	0.0   	6.0     	1.0  	10.0     	2.0     	0.0            	2.0             	8.0    	0.0    	3.0  	6.0 	10.0     	1.0    	1.0  	1.0              
foxglove         	1.0     	1.0      	6.0   	1.0     	2.0  	0.0      	37.0    	3.0            	2.0             	5.0    	1.0    	0.0  	7.0 	5.0      	2.0    	10.0 	1.0              
grape_hyacinths  	0.0     	0.0      	2.0   	0.0     	0.0  	1.0      	8.0     	8.0            	0.0             	4.0    	2.0    	0.0  	1.0 	1.0      	3.0    	7.0  	1.0              
japanese_anemone 	0.0     	0.0      	0.0   	0.0     	0.0  	0.0      	0.0     	1.0            	3.0             	1.0    	0.0    	0.0  	0.0 	1.0      	0.0    	1.0  	1.0              
lilypad          	4.0     	5.0      	0.0   	3.0     	4.0  	1.0      	10.0    	2.0            	0.0             	33.0   	2.0    	5.0  	5.0 	1.0      	4.0    	5.0  	0.0              
orchids          	1.0     	0.0      	0.0   	0.0     	0.0  	0.0      	0.0     	0.0            	0.0             	0.0    	2.0    	0.0  	0.0 	0.0      	0.0    	1.0  	0.0              
poppy            	0.0     	0.0      	0.0   	0.0     	0.0  	0.0      	0.0     	0.0            	0.0             	0.0    	0.0    	6.0  	2.0 	0.0      	0.0    	0.0  	0.0              
rose             	2.0     	0.0      	0.0   	0.0     	0.0  	1.0      	0.0     	0.0            	0.0             	1.0    	1.0    	0.0  	1.0 	0.0      	0.0    	1.0  	0.0              
sunflower        	0.0     	1.0      	1.0   	3.0     	0.0  	3.0      	3.0     	0.0            	0.0             	2.0    	1.0    	2.0  	0.0 	6.0      	1.0    	0.0  	0.0              
thistle          	0.0     	0.0      	3.0   	0.0     	0.0  	1.0      	3.0     	0.0            	1.0             	0.0    	0.0    	2.0  	0.0 	1.0      	8.0    	0.0  	1.0              
viola            	6.0     	0.0      	4.0   	0.0     	1.0  	3.0      	4.0     	0.0            	0.0             	4.0    	1.0    	0.0  	1.0 	0.0      	1.0    	3.0  	0.0              
yellow_wildflower	0.0     	2.0      	0.0   	0.0     	0.0  	3.0      	0.0     	0.0            	0.0             	4.0    	0.0    	0.0  	3.0 	0.0      	0.0    	0.0  	16.0             

Accuracy = 31.738437001594892%

Balanced Accuracy = 29.459439442335096%

 Best K = 5