                 	bindweed	buttercup	crocus	daffodil	daisy	dandelion	foxglove	grape_hyacinths	japanese_anemone	lilypad	orchids	poppy	rose	sunflower	thistle	viola	yellow_wildflower
bindweed         	38.0    	3.0      	3.0   	3.0     	9.0  	3.0      	2.0     	1.0            	0.0             	10.0   	11.0   	0.0  	2.0 	0.0      	2.0    	7.0  	2.0              
buttercup        	5.0     	7.0      	0.0   	3.0     	0.0  	15.0     	2.0     	1.0            	0.0             	7.0    	0.0    	1.0  	6.0 	1.0      	1.0    	1.0  	3.0              
crocus           	0.0     	0.0      	3.0   	0.0     	0.0  	1.0      	2.0     	0.0            	1.0             	2.0    	0.0    	0.0  	0.0 	0.0      	0.0    	1.0  	0.0              
daffodil         	1.0     	2.0      	2.0   	5.0     	0.0  	1.0      	2.0     	0.0            	0.0             	4.0    	1.0    	2.0  	0.0 	2.0      	1.0    	2.0  	0.0              
daisy            	5.0     	1.0      	0.0   	0.0     	5.0  	0.0      	2.0     	0.0            	0.0             	4.0    	1.0    	0.0  	0.0 	0.0      	0.0    	1.0  	0.0              
dandelion        	0.0     	16.0     	0.0   	9.0     	2.0  	15.0     	2.0     	0.0            	2.0             	12.0   	0.0    	2.0  	7.0 	13.0     	1.0    	4.0  	2.0              
foxglove         	1.0     	0.0      	4.0   	3.0     	0.0  	3.0      	50.0    	6.0            	1.0             	7.0    	0.0    	1.0  	6.0 	2.0      	2.0    	6.0  	1.0              
grape_hyacinths  	0.0     	0.0      	1.0   	1.0     	0.0  	0.0      	4.0     	4.0            	1.0             	1.0    	1.0    	0.0  	0.0 	1.0      	3.0    	4.0  	1.0              
japanese_anemone 	1.0     	1.0      	0.0   	0.0     	0.0  	0.0      	1.0     	1.0            	1.0             	0.0    	0.0    	0.0  	0.0 	1.0      	0.0    	0.0  	0.0              
lilypad          	5.0     	0.0      	2.0   	4.0     	5.0  	4.0      	4.0     	2.0            	1.0             	40.0   	0.0    	4.0  	11.0	0.0      	3.0    	5.0  	1.0              
orchids          	1.0     	0.0      	0.0   	1.0     	1.0  	0.0      	1.0     	1.0            	0.0             	1.0    	6.0    	1.0  	2.0 	0.0      	0.0    	0.0  	0.0              
poppy            	0.0     	0.0      	0.0   	0.0     	0.0  	0.0      	0.0     	0.0            	0.0             	1.0    	0.0    	7.0  	0.0 	0.0      	0.0    	0.0  	0.0              
rose             	0.0     	0.0      	0.0   	0.0     	1.0  	0.0      	0.0     	0.0            	0.0             	0.0    	0.0    	0.0  	3.0 	0.0      	0.0    	0.0  	0.0              
sunflower        	0.0     	2.0      	0.0   	1.0     	0.0  	1.0      	2.0     	2.0            	0.0             	1.0    	0.0    	2.0  	0.0 	10.0     	2.0    	2.0  	5.0              
thistle          	0.0     	0.0      	3.0   	0.0     	0.0  	0.0      	4.0     	1.0            	1.0             	3.0    	0.0    	0.0  	0.0 	1.0      	7.0    	3.0  	0.0              
viola            	3.0     	1.0      	2.0   	0.0     	1.0  	0.0      	4.0     	2.0            	0.0             	2.0    	0.0    	0.0  	1.0 	0.0      	2.0    	7.0  	0.0              
yellow_wildflower	0.0     	3.0      	0.0   	0.0     	0.0  	3.0      	0.0     	0.0            	0.0             	2.0    	0.0    	0.0  	0.0 	0.0      	0.0    	0.0  	12.0             

Accuracy = 35.08771929824561%

Balanced Accuracy = 29.217046933677498%

 Best K = 5