                 	bindweed	buttercup	crocus	daffodil	daisy	dandelion	foxglove	grape_hyacinths	japanese_anemone	lilypad	orchids	poppy	rose	sunflower	thistle	viola	yellow_wildflower
bindweed         	39.0    	4.0      	1.0   	5.0     	7.0  	6.0      	5.0     	0.0            	0.0             	16.0   	7.0    	2.0  	5.0 	3.0      	1.0    	2.0  	0.0              
buttercup        	2.0     	6.0      	0.0   	6.0     	0.0  	12.0     	1.0     	0.0            	0.0             	5.0    	0.0    	3.0  	6.0 	1.0      	1.0    	5.0  	2.0              
crocus           	0.0     	2.0      	3.0   	2.0     	1.0  	1.0      	6.0     	0.0            	1.0             	6.0    	1.0    	0.0  	1.0 	0.0      	1.0    	4.0  	1.0              
daffodil         	1.0     	3.0      	1.0   	1.0     	0.0  	1.0      	0.0     	1.0            	0.0             	2.0    	0.0    	1.0  	1.0 	1.0      	0.0    	3.0  	1.0              
daisy            	4.0     	0.0      	0.0   	1.0     	4.0  	1.0      	2.0     	0.0            	0.0             	4.0    	1.0    	0.0  	0.0 	1.0      	0.0    	1.0  	0.0              
dandelion        	1.0     	14.0     	0.0   	6.0     	1.0  	12.0     	2.0     	2.0            	1.0             	3.0    	0.0    	2.0  	7.0 	9.0      	3.0    	0.0  	1.0              
foxglove         	1.0     	0.0      	7.0   	3.0     	1.0  	3.0      	40.0    	4.0            	2.0             	6.0    	1.0    	1.0  	7.0 	3.0      	3.0    	7.0  	1.0              
grape_hyacinths  	0.0     	0.0      	1.0   	0.0     	0.0  	0.0      	6.0     	7.0            	0.0             	4.0    	1.0    	0.0  	0.0 	1.0      	1.0    	3.0  	2.0              
japanese_anemone 	0.0     	0.0      	0.0   	0.0     	0.0  	1.0      	0.0     	2.0            	0.0             	1.0    	0.0    	0.0  	0.0 	1.0      	1.0    	0.0  	1.0              
lilypad          	2.0     	5.0      	1.0   	4.0     	9.0  	3.0      	12.0    	5.0            	0.0             	37.0   	5.0    	5.0  	6.0 	4.0      	4.0    	8.0  	0.0              
orchids          	1.0     	0.0      	0.0   	0.0     	0.0  	0.0      	1.0     	0.0            	0.0             	0.0    	2.0    	0.0  	0.0 	0.0      	0.0    	2.0  	0.0              
poppy            	0.0     	0.0      	0.0   	0.0     	0.0  	0.0      	0.0     	0.0            	0.0             	0.0    	0.0    	3.0  	0.0 	0.0      	0.0    	0.0  	0.0              
rose             	0.0     	1.0      	0.0   	0.0     	0.0  	0.0      	0.0     	0.0            	0.0             	3.0    	0.0    	0.0  	1.0 	0.0      	0.0    	2.0  	0.0              
sunflower        	1.0     	0.0      	3.0   	1.0     	0.0  	2.0      	1.0     	0.0            	0.0             	0.0    	1.0    	2.0  	0.0 	5.0      	1.0    	1.0  	1.0              
thistle          	0.0     	0.0      	1.0   	0.0     	0.0  	0.0      	2.0     	0.0            	4.0             	0.0    	0.0    	1.0  	0.0 	1.0      	7.0    	2.0  	0.0              
viola            	8.0     	0.0      	2.0   	1.0     	1.0  	2.0      	4.0     	0.0            	0.0             	7.0    	1.0    	0.0  	2.0 	1.0      	1.0    	3.0  	0.0              
yellow_wildflower	0.0     	1.0      	0.0   	0.0     	0.0  	2.0      	0.0     	0.0            	0.0             	3.0    	0.0    	0.0  	2.0 	0.0      	0.0    	0.0  	17.0             

Accuracy = 29.82456140350877%

Balanced Accuracy = 23.87522113203726%

 Best K = 5