                 	bindweed	buttercup	crocus	daffodil	daisy	dandelion	foxglove	grape_hyacinths	japanese_anemone	lilypad	orchids	poppy	rose	sunflower	thistle	viola	yellow_wildflower
bindweed         	38.0    	2.0      	1.0   	7.0     	7.0  	8.0      	5.0     	0.0            	0.0             	13.0   	7.0    	0.0  	7.0 	0.0      	1.0    	3.0  	0.0              
buttercup        	0.0     	9.0      	0.0   	4.0     	0.0  	13.0     	0.0     	1.0            	0.0             	4.0    	0.0    	1.0  	1.0 	0.0      	0.0    	2.0  	2.0              
crocus           	1.0     	0.0      	2.0   	0.0     	1.0  	0.0      	3.0     	0.0            	0.0             	1.0    	0.0    	0.0  	1.0 	0.0      	1.0    	3.0  	1.0              
daffodil         	0.0     	1.0      	0.0   	2.0     	0.0  	2.0      	0.0     	1.0            	0.0             	2.0    	0.0    	0.0  	0.0 	1.0      	1.0    	0.0  	1.0              
daisy            	4.0     	0.0      	0.0   	0.0     	6.0  	0.0      	1.0     	0.0            	0.0             	3.0    	1.0    	0.0  	0.0 	0.0      	0.0    	0.0  	0.0              
dandelion        	1.0     	11.0     	0.0   	8.0     	1.0  	12.0     	1.0     	0.0            	0.0             	9.0    	0.0    	2.0  	7.0 	9.0      	2.0    	1.0  	1.0              
foxglove         	1.0     	1.0      	7.0   	1.0     	0.0  	2.0      	48.0    	8.0            	2.0             	10.0   	3.0    	1.0  	7.0 	6.0      	4.0    	9.0  	1.0              
grape_hyacinths  	0.0     	0.0      	2.0   	1.0     	0.0  	0.0      	4.0     	6.0            	1.0             	3.0    	0.0    	0.0  	0.0 	0.0      	2.0    	5.0  	1.0              
japanese_anemone 	0.0     	0.0      	0.0   	0.0     	0.0  	0.0      	0.0     	0.0            	2.0             	2.0    	0.0    	0.0  	0.0 	1.0      	0.0    	0.0  	0.0              
lilypad          	9.0     	6.0      	1.0   	3.0     	8.0  	4.0      	9.0     	4.0            	0.0             	39.0   	3.0    	4.0  	11.0	1.0      	3.0    	10.0 	0.0              
orchids          	0.0     	0.0      	0.0   	0.0     	0.0  	0.0      	0.0     	0.0            	0.0             	0.0    	5.0    	0.0  	0.0 	0.0      	0.0    	1.0  	0.0              
poppy            	0.0     	0.0      	0.0   	0.0     	0.0  	0.0      	0.0     	0.0            	0.0             	0.0    	0.0    	8.0  	1.0 	0.0      	0.0    	0.0  	0.0              
rose             	0.0     	1.0      	0.0   	0.0     	0.0  	0.0      	1.0     	0.0            	0.0             	0.0    	0.0    	0.0  	0.0 	0.0      	0.0    	1.0  	0.0              
sunflower        	0.0     	4.0      	0.0   	2.0     	0.0  	2.0      	2.0     	1.0            	0.0             	3.0    	0.0    	2.0  	0.0 	11.0     	1.0    	1.0  	4.0              
thistle          	0.0     	0.0      	5.0   	0.0     	0.0  	1.0      	3.0     	0.0            	3.0             	0.0    	0.0    	1.0  	0.0 	0.0      	9.0    	0.0  	0.0              
viola            	6.0     	0.0      	2.0   	2.0     	1.0  	0.0      	5.0     	0.0            	0.0             	2.0    	1.0    	0.0  	2.0 	0.0      	0.0    	5.0  	0.0              
yellow_wildflower	0.0     	1.0      	0.0   	0.0     	0.0  	2.0      	0.0     	0.0            	0.0             	6.0    	0.0    	1.0  	1.0 	2.0      	0.0    	2.0  	16.0             

Accuracy = 34.76874003189793%

Balanced Accuracy = 30.427776072339828%

 Best K = 10