                 	bindweed	buttercup	crocus	daffodil	daisy	dandelion	foxglove	grape_hyacinths	japanese_anemone	lilypad	orchids	poppy	rose	sunflower	thistle	viola	yellow_wildflower
bindweed         	41.0    	4.0      	0.0   	5.0     	2.0  	10.0     	2.0     	1.0            	0.0             	8.0    	7.0    	1.0  	3.0 	3.0      	0.0    	5.0  	0.0              
buttercup        	0.0     	6.0      	0.0   	4.0     	0.0  	10.0     	1.0     	1.0            	0.0             	5.0    	0.0    	3.0  	3.0 	0.0      	2.0    	3.0  	3.0              
crocus           	2.0     	0.0      	3.0   	0.0     	1.0  	1.0      	4.0     	2.0            	0.0             	2.0    	2.0    	0.0  	3.0 	0.0      	1.0    	2.0  	0.0              
daffodil         	0.0     	3.0      	3.0   	4.0     	0.0  	2.0      	3.0     	1.0            	0.0             	7.0    	0.0    	1.0  	0.0 	3.0      	0.0    	2.0  	1.0              
daisy            	3.0     	0.0      	1.0   	0.0     	5.0  	0.0      	2.0     	0.0            	0.0             	1.0    	2.0    	0.0  	0.0 	0.0      	0.0    	0.0  	0.0              
dandelion        	2.0     	11.0     	0.0   	9.0     	1.0  	13.0     	3.0     	0.0            	1.0             	12.0   	0.0    	3.0  	6.0 	8.0      	1.0    	1.0  	2.0              
foxglove         	2.0     	0.0      	4.0   	1.0     	1.0  	2.0      	35.0    	6.0            	2.0             	5.0    	0.0    	1.0  	6.0 	4.0      	3.0    	12.0 	1.0              
grape_hyacinths  	0.0     	0.0      	2.0   	0.0     	0.0  	0.0      	8.0     	6.0            	0.0             	3.0    	1.0    	0.0  	1.0 	0.0      	2.0    	6.0  	0.0              
japanese_anemone 	0.0     	1.0      	0.0   	0.0     	0.0  	1.0      	0.0     	0.0            	3.0             	1.0    	0.0    	0.0  	0.0 	1.0      	0.0    	1.0  	2.0              
lilypad          	3.0     	5.0      	0.0   	4.0     	9.0  	2.0      	12.0    	4.0            	0.0             	41.0   	4.0    	5.0  	7.0 	2.0      	3.0    	6.0  	0.0              
orchids          	1.0     	1.0      	0.0   	0.0     	1.0  	0.0      	0.0     	0.0            	0.0             	0.0    	1.0    	0.0  	0.0 	0.0      	0.0    	1.0  	0.0              
poppy            	0.0     	0.0      	0.0   	0.0     	0.0  	0.0      	0.0     	0.0            	0.0             	0.0    	0.0    	3.0  	2.0 	0.0      	0.0    	0.0  	0.0              
rose             	1.0     	0.0      	1.0   	0.0     	1.0  	0.0      	1.0     	0.0            	0.0             	2.0    	1.0    	0.0  	3.0 	0.0      	0.0    	1.0  	1.0              
sunflower        	0.0     	0.0      	0.0   	3.0     	0.0  	3.0      	2.0     	0.0            	0.0             	1.0    	1.0    	1.0  	0.0 	4.0      	2.0    	0.0  	0.0              
thistle          	0.0     	0.0      	3.0   	0.0     	0.0  	0.0      	2.0     	0.0            	2.0             	0.0    	0.0    	1.0  	0.0 	1.0      	8.0    	0.0  	0.0              
viola            	5.0     	1.0      	3.0   	0.0     	3.0  	1.0      	7.0     	0.0            	0.0             	5.0    	1.0    	0.0  	2.0 	2.0      	1.0    	3.0  	0.0              
yellow_wildflower	0.0     	4.0      	0.0   	0.0     	0.0  	1.0      	0.0     	0.0            	0.0             	4.0    	0.0    	1.0  	2.0 	3.0      	1.0    	0.0  	17.0             

Accuracy = 31.259968102073366%

Balanced Accuracy = 26.912996235329057%

 Best K = 5