                 	bindweed	buttercup	crocus	daffodil	daisy	dandelion	foxglove	grape_hyacinths	japanese_anemone	lilypad	orchids	poppy	rose	sunflower	thistle	viola	yellow_wildflower
bindweed         	40.0    	5.0      	0.0   	5.0     	5.0  	5.0      	4.0     	0.0            	0.0             	11.0   	5.0    	0.0  	2.0 	0.0      	0.0    	5.0  	0.0              
buttercup        	4.0     	8.0      	0.0   	6.0     	0.0  	14.0     	0.0     	0.0            	0.0             	8.0    	0.0    	3.0  	7.0 	0.0      	0.0    	3.0  	2.0              
crocus           	2.0     	0.0      	2.0   	0.0     	1.0  	0.0      	3.0     	0.0            	1.0             	2.0    	0.0    	0.0  	1.0 	0.0      	0.0    	1.0  	0.0              
daffodil         	0.0     	3.0      	0.0   	2.0     	1.0  	1.0      	0.0     	0.0            	0.0             	1.0    	1.0    	1.0  	0.0 	1.0      	0.0    	0.0  	1.0              
daisy            	2.0     	0.0      	0.0   	0.0     	7.0  	2.0      	1.0     	0.0            	0.0             	3.0    	3.0    	0.0  	1.0 	2.0      	0.0    	0.0  	0.0              
dandelion        	1.0     	10.0     	0.0   	7.0     	0.0  	12.0     	1.0     	1.0            	0.0             	8.0    	0.0    	3.0  	6.0 	12.0     	2.0    	2.0  	2.0              
foxglove         	1.0     	2.0      	7.0   	2.0     	1.0  	1.0      	41.0    	4.0            	1.0             	8.0    	3.0    	2.0  	8.0 	4.0      	4.0    	8.0  	0.0              
grape_hyacinths  	0.0     	0.0      	2.0   	0.0     	0.0  	1.0      	9.0     	8.0            	1.0             	3.0    	1.0    	0.0  	0.0 	0.0      	5.0    	7.0  	1.0              
japanese_anemone 	0.0     	1.0      	0.0   	0.0     	0.0  	2.0      	1.0     	1.0            	2.0             	1.0    	0.0    	0.0  	0.0 	1.0      	0.0    	0.0  	1.0              
lilypad          	5.0     	5.0      	1.0   	7.0     	7.0  	4.0      	12.0    	6.0            	0.0             	45.0   	5.0    	8.0  	7.0 	4.0      	5.0    	7.0  	1.0              
orchids          	0.0     	0.0      	0.0   	0.0     	0.0  	0.0      	0.0     	0.0            	0.0             	0.0    	1.0    	0.0  	0.0 	0.0      	0.0    	1.0  	0.0              
poppy            	0.0     	0.0      	0.0   	0.0     	0.0  	0.0      	0.0     	0.0            	0.0             	0.0    	0.0    	2.0  	1.0 	0.0      	0.0    	0.0  	0.0              
rose             	0.0     	0.0      	0.0   	1.0     	0.0  	0.0      	2.0     	0.0            	0.0             	2.0    	0.0    	0.0  	2.0 	1.0      	1.0    	3.0  	0.0              
sunflower        	0.0     	2.0      	0.0   	0.0     	0.0  	2.0      	2.0     	0.0            	0.0             	0.0    	0.0    	1.0  	1.0 	5.0      	2.0    	1.0  	1.0              
thistle          	0.0     	0.0      	4.0   	0.0     	0.0  	0.0      	1.0     	1.0            	3.0             	1.0    	0.0    	0.0  	0.0 	0.0      	5.0    	1.0  	0.0              
viola            	5.0     	0.0      	4.0   	0.0     	2.0  	1.0      	5.0     	0.0            	0.0             	2.0    	1.0    	0.0  	2.0 	1.0      	0.0    	4.0  	0.0              
yellow_wildflower	0.0     	0.0      	0.0   	0.0     	0.0  	1.0      	0.0     	0.0            	0.0             	2.0    	0.0    	0.0  	0.0 	0.0      	0.0    	0.0  	18.0             

Accuracy = 32.535885167464116%

Balanced Accuracy = 26.67592265592446%

 Best K = 10