                 	bindweed	buttercup	crocus	daffodil	daisy	dandelion	foxglove	grape_hyacinths	japanese_anemone	lilypad	orchids	poppy	rose	sunflower	thistle	viola	yellow_wildflower
bindweed         	34.0    	16.0     	1.0   	8.0     	1.0  	5.0      	21.0    	3.0            	2.0             	17.0   	4.0    	1.0  	18.0	3.0      	2.0    	11.0 	2.0              
buttercup        	8.0     	5.0      	1.0   	0.0     	0.0  	0.0      	2.0     	0.0            	0.0             	2.0    	0.0    	0.0  	3.0 	0.0      	0.0    	1.0  	0.0              
crocus           	1.0     	1.0      	2.0   	0.0     	1.0  	1.0      	2.0     	0.0            	0.0             	2.0    	3.0    	1.0  	2.0 	1.0      	1.0    	1.0  	1.0              
daffodil         	1.0     	3.0      	2.0   	1.0     	0.0  	3.0      	6.0     	1.0            	0.0             	6.0    	2.0    	1.0  	1.0 	2.0      	1.0    	4.0  	4.0              
daisy            	0.0     	0.0      	0.0   	1.0     	1.0  	1.0      	1.0     	0.0            	0.0             	3.0    	0.0    	0.0  	0.0 	0.0      	2.0    	0.0  	1.0              
dandelion        	0.0     	0.0      	1.0   	1.0     	6.0  	14.0     	4.0     	2.0            	1.0             	12.0   	2.0    	0.0  	1.0 	5.0      	3.0    	4.0  	7.0              
foxglove         	5.0     	2.0      	5.0   	11.0    	4.0  	5.0      	21.0    	6.0            	0.0             	17.0   	1.0    	8.0  	0.0 	8.0      	4.0    	8.0  	3.0              
grape_hyacinths  	0.0     	0.0      	1.0   	1.0     	1.0  	1.0      	3.0     	1.0            	1.0             	1.0    	2.0    	0.0  	0.0 	1.0      	0.0    	0.0  	0.0              
japanese_anemone 	0.0     	0.0      	0.0   	1.0     	0.0  	0.0      	0.0     	0.0            	0.0             	0.0    	0.0    	0.0  	0.0 	0.0      	0.0    	0.0  	0.0              
lilypad          	8.0     	5.0      	6.0   	4.0     	8.0  	11.0     	10.0    	2.0            	2.0             	29.0   	2.0    	9.0  	6.0 	6.0      	4.0    	4.0  	4.0              
orchids          	0.0     	0.0      	0.0   	0.0     	0.0  	0.0      	0.0     	1.0            	0.0             	1.0    	0.0    	0.0  	1.0 	1.0      	1.0    	0.0  	1.0              
poppy            	2.0     	0.0      	1.0   	1.0     	0.0  	0.0      	0.0     	0.0            	0.0             	1.0    	0.0    	0.0  	0.0 	1.0      	0.0    	1.0  	0.0              
rose             	0.0     	1.0      	0.0   	0.0     	1.0  	1.0      	4.0     	1.0            	0.0             	3.0    	2.0    	0.0  	1.0 	0.0      	1.0    	2.0  	1.0              
sunflower        	0.0     	1.0      	0.0   	0.0     	0.0  	1.0      	2.0     	1.0            	0.0             	0.0    	0.0    	0.0  	2.0 	2.0      	0.0    	1.0  	1.0              
thistle          	0.0     	0.0      	0.0   	0.0     	0.0  	1.0      	1.0     	1.0            	0.0             	0.0    	0.0    	0.0  	1.0 	0.0      	0.0    	1.0  	0.0              
viola            	1.0     	2.0      	0.0   	0.0     	1.0  	2.0      	5.0     	2.0            	2.0             	3.0    	2.0    	0.0  	2.0 	1.0      	5.0    	5.0  	2.0              
yellow_wildflower	0.0     	0.0      	0.0   	1.0     	0.0  	0.0      	0.0     	0.0            	0.0             	0.0    	0.0    	0.0  	0.0 	0.0      	0.0    	0.0  	0.0              

Accuracy = 18.50079744816587%

Balanced Accuracy = 11.733529709855894%

 Best K = 10