                 	bindweed	buttercup	crocus	daffodil	daisy	dandelion	foxglove	grape_hyacinths	japanese_anemone	lilypad	orchids	poppy	rose	sunflower	thistle	viola	yellow_wildflower
bindweed         	53.0    	20.0     	20.0  	19.0    	23.0 	13.0     	79.0    	18.0           	8.0             	72.0   	20.0   	15.0 	25.0	26.0     	24.0   	34.0 	6.0              
buttercup        	7.0     	16.0     	0.0   	11.0    	1.0  	32.0     	3.0     	3.0            	0.0             	25.0   	0.0    	4.0  	10.0	5.0      	0.0    	9.0  	21.0             
crocus           	0.0     	0.0      	0.0   	0.0     	0.0  	0.0      	0.0     	0.0            	0.0             	0.0    	0.0    	0.0  	0.0 	0.0      	0.0    	0.0  	0.0              
daffodil         	0.0     	0.0      	0.0   	0.0     	0.0  	0.0      	0.0     	0.0            	0.0             	0.0    	0.0    	0.0  	0.0 	0.0      	0.0    	0.0  	0.0              
daisy            	0.0     	0.0      	0.0   	0.0     	0.0  	0.0      	0.0     	0.0            	0.0             	0.0    	0.0    	0.0  	0.0 	0.0      	0.0    	0.0  	0.0              
dandelion        	0.0     	0.0      	0.0   	0.0     	0.0  	0.0      	0.0     	0.0            	0.0             	0.0    	0.0    	0.0  	0.0 	0.0      	0.0    	0.0  	0.0              
foxglove         	0.0     	0.0      	0.0   	0.0     	0.0  	0.0      	0.0     	0.0            	0.0             	0.0    	0.0    	0.0  	0.0 	0.0      	0.0    	0.0  	0.0              
grape_hyacinths  	0.0     	0.0      	0.0   	0.0     	0.0  	0.0      	0.0     	0.0            	0.0             	0.0    	0.0    	0.0  	0.0 	0.0      	0.0    	0.0  	0.0              
japanese_anemone 	0.0     	0.0      	0.0   	0.0     	0.0  	0.0      	0.0     	0.0            	0.0             	0.0    	0.0    	0.0  	0.0 	0.0      	0.0    	0.0  	0.0              
lilypad          	0.0     	0.0      	0.0   	0.0     	0.0  	1.0      	0.0     	0.0            	0.0             	0.0    	0.0    	1.0  	3.0 	0.0      	0.0    	0.0  	0.0              
orchids          	0.0     	0.0      	0.0   	0.0     	0.0  	0.0      	0.0     	0.0            	0.0             	0.0    	0.0    	0.0  	0.0 	0.0      	0.0    	0.0  	0.0              
poppy            	0.0     	0.0      	0.0   	0.0     	0.0  	0.0      	0.0     	0.0            	0.0             	0.0    	0.0    	0.0  	0.0 	0.0      	0.0    	0.0  	0.0              
rose             	0.0     	0.0      	0.0   	0.0     	0.0  	0.0      	0.0     	0.0            	0.0             	0.0    	0.0    	0.0  	0.0 	0.0      	0.0    	0.0  	0.0              
sunflower        	0.0     	0.0      	0.0   	0.0     	0.0  	0.0      	0.0     	0.0            	0.0             	0.0    	0.0    	0.0  	0.0 	0.0      	0.0    	0.0  	0.0              
thistle          	0.0     	0.0      	0.0   	0.0     	0.0  	0.0      	0.0     	0.0            	0.0             	0.0    	0.0    	0.0  	0.0 	0.0      	0.0    	0.0  	0.0              
viola            	0.0     	0.0      	0.0   	0.0     	0.0  	0.0      	0.0     	0.0            	0.0             	0.0    	0.0    	0.0  	0.0 	0.0      	0.0    	0.0  	0.0              
yellow_wildflower	0.0     	0.0      	0.0   	0.0     	0.0  	0.0      	0.0     	0.0            	0.0             	0.0    	0.0    	0.0  	0.0 	0.0      	0.0    	0.0  	0.0              

Accuracy = 11.004784688995215%

Balanced Accuracy = 7.810457516339869%

 Best K = 10