                 	bindweed	buttercup	crocus	daffodil	daisy	dandelion	foxglove	grape_hyacinths	japanese_anemone	lilypad	orchids	poppy	rose	sunflower	thistle	viola	yellow_wildflower
bindweed         	35.0    	0.0      	2.0   	0.0     	4.0  	0.0      	3.0     	2.0            	0.0             	10.0   	6.0    	0.0  	2.0 	0.0      	2.0    	3.0  	0.0              
buttercup        	0.0     	11.0     	0.0   	1.0     	0.0  	3.0      	0.0     	0.0            	0.0             	0.0    	0.0    	2.0  	0.0 	0.0      	0.0    	0.0  	0.0              
crocus           	2.0     	0.0      	2.0   	2.0     	0.0  	0.0      	0.0     	2.0            	0.0             	2.0    	0.0    	0.0  	0.0 	0.0      	1.0    	3.0  	0.0              
daffodil         	0.0     	0.0      	0.0   	11.0    	0.0  	0.0      	0.0     	1.0            	0.0             	3.0    	0.0    	0.0  	0.0 	0.0      	0.0    	2.0  	0.0              
daisy            	11.0    	1.0      	0.0   	0.0     	14.0 	0.0      	0.0     	0.0            	0.0             	3.0    	3.0    	0.0  	0.0 	2.0      	0.0    	1.0  	0.0              
dandelion        	0.0     	10.0     	0.0   	5.0     	0.0  	33.0     	1.0     	0.0            	0.0             	0.0    	0.0    	3.0  	3.0 	9.0      	0.0    	0.0  	1.0              
foxglove         	2.0     	0.0      	11.0  	2.0     	1.0  	0.0      	58.0    	0.0            	1.0             	11.0   	1.0    	0.0  	11.0	0.0      	4.0    	20.0 	0.0              
grape_hyacinths  	0.0     	0.0      	3.0   	0.0     	0.0  	0.0      	1.0     	8.0            	0.0             	1.0    	1.0    	0.0  	0.0 	1.0      	2.0    	2.0  	0.0              
japanese_anemone 	0.0     	0.0      	0.0   	0.0     	0.0  	0.0      	0.0     	1.0            	6.0             	0.0    	0.0    	0.0  	0.0 	0.0      	0.0    	0.0  	0.0              
lilypad          	9.0     	3.0      	2.0   	5.0     	2.0  	0.0      	9.0     	4.0            	0.0             	60.0   	2.0    	1.0  	3.0 	2.0      	6.0    	13.0 	0.0              
orchids          	4.0     	0.0      	2.0   	0.0     	1.0  	0.0      	0.0     	3.0            	0.0             	0.0    	8.0    	0.0  	1.0 	0.0      	0.0    	1.0  	0.0              
poppy            	0.0     	0.0      	1.0   	0.0     	0.0  	0.0      	0.0     	0.0            	0.0             	1.0    	0.0    	8.0  	4.0 	0.0      	0.0    	1.0  	0.0              
rose             	0.0     	0.0      	0.0   	1.0     	0.0  	0.0      	2.0     	0.0            	0.0             	1.0    	0.0    	0.0  	8.0 	0.0      	0.0    	0.0  	0.0              
sunflower        	0.0     	3.0      	0.0   	1.0     	0.0  	0.0      	0.0     	0.0            	0.0             	1.0    	0.0    	2.0  	0.0 	8.0      	0.0    	0.0  	1.0              
thistle          	0.0     	1.0      	1.0   	1.0     	1.0  	1.0      	4.0     	2.0            	1.0             	1.0    	0.0    	0.0  	0.0 	0.0      	9.0    	1.0  	1.0              
viola            	1.0     	0.0      	0.0   	0.0     	0.0  	0.0      	1.0     	0.0            	0.0             	2.0    	0.0    	0.0  	0.0 	1.0      	0.0    	4.0  	0.0              
yellow_wildflower	0.0     	1.0      	0.0   	1.0     	0.0  	0.0      	0.0     	0.0            	0.0             	0.0    	0.0    	0.0  	0.0 	1.0      	0.0    	0.0  	17.0             

Accuracy = 49.83388704318937%

Balanced Accuracy = 47.58146823360942%

C=10
gamma=1
kernel=rbf