                 	bindweed	buttercup	crocus	daffodil	daisy	dandelion	foxglove	grape_hyacinths	japanese_anemone	lilypad	orchids	poppy	rose	sunflower	thistle	viola	yellow_wildflower
bindweed         	19.0    	1.0      	5.0   	2.0     	1.0  	2.0      	2.0     	1.0            	0.0             	4.0    	2.0    	3.0  	2.0 	1.0      	0.0    	2.0  	0.0              
buttercup        	1.0     	3.0      	1.0   	3.0     	1.0  	1.0      	3.0     	1.0            	0.0             	1.0    	0.0    	0.0  	0.0 	0.0      	0.0    	0.0  	0.0              
crocus           	4.0     	1.0      	4.0   	2.0     	0.0  	2.0      	1.0     	1.0            	0.0             	5.0    	1.0    	0.0  	2.0 	1.0      	0.0    	1.0  	0.0              
daffodil         	11.0    	1.0      	0.0   	5.0     	0.0  	0.0      	0.0     	0.0            	0.0             	5.0    	0.0    	0.0  	4.0 	0.0      	0.0    	0.0  	0.0              
daisy            	2.0     	8.0      	0.0   	2.0     	10.0 	1.0      	7.0     	0.0            	1.0             	15.0   	3.0    	0.0  	2.0 	4.0      	1.0    	3.0  	3.0              
dandelion        	7.0     	4.0      	0.0   	0.0     	3.0  	12.0     	2.0     	1.0            	0.0             	3.0    	0.0    	1.0  	5.0 	0.0      	2.0    	1.0  	1.0              
foxglove         	3.0     	1.0      	0.0   	2.0     	0.0  	2.0      	18.0    	2.0            	0.0             	5.0    	0.0    	0.0  	0.0 	0.0      	3.0    	0.0  	1.0              
grape_hyacinths  	0.0     	0.0      	1.0   	0.0     	1.0  	2.0      	6.0     	4.0            	0.0             	2.0    	0.0    	0.0  	3.0 	0.0      	0.0    	0.0  	1.0              
japanese_anemone 	0.0     	1.0      	0.0   	0.0     	0.0  	1.0      	0.0     	0.0            	4.0             	0.0    	0.0    	2.0  	0.0 	0.0      	0.0    	0.0  	0.0              
lilypad          	5.0     	6.0      	6.0   	8.0     	5.0  	16.0     	19.0    	6.0            	1.0             	37.0   	3.0    	0.0  	9.0 	9.0      	8.0    	12.0 	9.0              
orchids          	0.0     	0.0      	0.0   	0.0     	0.0  	0.0      	2.0     	1.0            	0.0             	3.0    	8.0    	2.0  	1.0 	0.0      	0.0    	4.0  	0.0              
poppy            	4.0     	1.0      	1.0   	1.0     	1.0  	0.0      	1.0     	0.0            	0.0             	1.0    	0.0    	6.0  	0.0 	0.0      	0.0    	2.0  	1.0              
rose             	2.0     	3.0      	1.0   	1.0     	0.0  	4.0      	5.0     	2.0            	0.0             	5.0    	0.0    	0.0  	5.0 	1.0      	1.0    	0.0  	0.0              
sunflower        	0.0     	1.0      	0.0   	3.0     	0.0  	1.0      	1.0     	0.0            	0.0             	1.0    	0.0    	0.0  	1.0 	10.0     	0.0    	0.0  	0.0              
thistle          	0.0     	0.0      	0.0   	0.0     	0.0  	0.0      	0.0     	0.0            	0.0             	0.0    	0.0    	0.0  	0.0 	0.0      	6.0    	0.0  	0.0              
viola            	1.0     	2.0      	0.0   	1.0     	0.0  	1.0      	8.0     	0.0            	1.0             	2.0    	3.0    	4.0  	2.0 	1.0      	1.0    	16.0 	2.0              
yellow_wildflower	1.0     	3.0      	1.0   	0.0     	2.0  	1.0      	7.0     	2.0            	1.0             	8.0    	0.0    	2.0  	2.0 	4.0      	2.0    	2.0  	9.0              

Accuracy = 28.07017543859649%

Balanced Accuracy = 28.501297248451742%

 Best K = 1