                 	bindweed	buttercup	crocus	daffodil	daisy	dandelion	foxglove	grape_hyacinths	japanese_anemone	lilypad	orchids	poppy	rose	sunflower	thistle	viola	yellow_wildflower
bindweed         	43.0    	0.0      	5.0   	0.0     	0.0  	0.0      	3.0     	2.0            	0.0             	8.0    	6.0    	0.0  	2.0 	0.0      	0.0    	2.0  	0.0              
buttercup        	0.0     	20.0     	0.0   	7.0     	0.0  	10.0     	0.0     	0.0            	0.0             	3.0    	0.0    	0.0  	1.0 	1.0      	0.0    	0.0  	1.0              
crocus           	4.0     	0.0      	4.0   	0.0     	0.0  	0.0      	1.0     	2.0            	1.0             	0.0    	1.0    	0.0  	0.0 	0.0      	1.0    	2.0  	0.0              
daffodil         	0.0     	3.0      	0.0   	9.0     	0.0  	0.0      	0.0     	0.0            	0.0             	2.0    	0.0    	0.0  	2.0 	1.0      	0.0    	2.0  	1.0              
daisy            	2.0     	0.0      	0.0   	0.0     	14.0 	0.0      	1.0     	1.0            	0.0             	6.0    	2.0    	0.0  	0.0 	1.0      	0.0    	2.0  	0.0              
dandelion        	0.0     	6.0      	0.0   	6.0     	0.0  	30.0     	1.0     	0.0            	0.0             	1.0    	0.0    	3.0  	1.0 	4.0      	0.0    	1.0  	1.0              
foxglove         	1.0     	0.0      	3.0   	0.0     	2.0  	0.0      	44.0    	2.0            	0.0             	3.0    	0.0    	0.0  	0.0 	0.0      	2.0    	4.0  	0.0              
grape_hyacinths  	0.0     	0.0      	3.0   	0.0     	0.0  	0.0      	8.0     	11.0           	0.0             	0.0    	1.0    	0.0  	0.0 	0.0      	2.0    	5.0  	0.0              
japanese_anemone 	0.0     	0.0      	0.0   	0.0     	0.0  	0.0      	2.0     	0.0            	7.0             	3.0    	0.0    	0.0  	0.0 	0.0      	0.0    	2.0  	0.0              
lilypad          	6.0     	1.0      	4.0   	5.0     	6.0  	2.0      	14.0    	3.0            	0.0             	60.0   	1.0    	0.0  	14.0	1.0      	2.0    	9.0  	0.0              
orchids          	4.0     	0.0      	0.0   	0.0     	0.0  	0.0      	2.0     	0.0            	0.0             	0.0    	7.0    	0.0  	1.0 	0.0      	0.0    	0.0  	0.0              
poppy            	0.0     	0.0      	0.0   	0.0     	0.0  	0.0      	0.0     	0.0            	0.0             	0.0    	0.0    	13.0 	2.0 	0.0      	0.0    	0.0  	0.0              
rose             	0.0     	0.0      	0.0   	0.0     	0.0  	0.0      	5.0     	0.0            	0.0             	10.0   	0.0    	2.0  	12.0	1.0      	1.0    	0.0  	0.0              
sunflower        	0.0     	0.0      	1.0   	0.0     	0.0  	0.0      	0.0     	0.0            	0.0             	0.0    	0.0    	0.0  	0.0 	16.0     	2.0    	0.0  	0.0              
thistle          	0.0     	0.0      	0.0   	0.0     	0.0  	0.0      	0.0     	0.0            	0.0             	0.0    	0.0    	0.0  	0.0 	0.0      	14.0   	0.0  	0.0              
viola            	0.0     	0.0      	0.0   	0.0     	2.0  	0.0      	1.0     	0.0            	0.0             	1.0    	2.0    	0.0  	0.0 	0.0      	0.0    	14.0 	0.0              
yellow_wildflower	0.0     	6.0      	0.0   	3.0     	0.0  	4.0      	0.0     	0.0            	0.0             	0.0    	0.0    	2.0  	3.0 	6.0      	0.0    	0.0  	24.0             

Accuracy = 54.54545454545454%

Balanced Accuracy = 54.06707754592046%

 Best K = 1