                 	bindweed	buttercup	crocus	daffodil	daisy	dandelion	foxglove	grape_hyacinths	japanese_anemone	lilypad	orchids	poppy	rose	sunflower	thistle	viola	yellow_wildflower
bindweed         	38.0    	0.0      	1.0   	0.0     	1.0  	0.0      	3.0     	3.0            	0.0             	11.0   	5.0    	0.0  	3.0 	0.0      	0.0    	2.0  	0.0              
buttercup        	0.0     	16.0     	0.0   	2.0     	0.0  	14.0     	0.0     	0.0            	0.0             	3.0    	0.0    	0.0  	1.0 	0.0      	0.0    	0.0  	3.0              
crocus           	3.0     	0.0      	5.0   	0.0     	0.0  	0.0      	6.0     	2.0            	1.0             	1.0    	3.0    	0.0  	0.0 	0.0      	1.0    	0.0  	0.0              
daffodil         	0.0     	2.0      	1.0   	8.0     	0.0  	2.0      	0.0     	0.0            	0.0             	1.0    	0.0    	0.0  	2.0 	4.0      	0.0    	3.0  	2.0              
daisy            	2.0     	0.0      	0.0   	1.0     	16.0 	0.0      	2.0     	0.0            	0.0             	6.0    	0.0    	0.0  	1.0 	1.0      	0.0    	1.0  	0.0              
dandelion        	0.0     	9.0      	0.0   	12.0    	0.0  	26.0     	0.0     	0.0            	0.0             	0.0    	0.0    	0.0  	2.0 	5.0      	0.0    	1.0  	3.0              
foxglove         	1.0     	0.0      	1.0   	0.0     	1.0  	0.0      	41.0    	3.0            	1.0             	6.0    	2.0    	0.0  	1.0 	0.0      	2.0    	9.0  	0.0              
grape_hyacinths  	0.0     	0.0      	2.0   	0.0     	0.0  	0.0      	6.0     	11.0           	0.0             	0.0    	1.0    	0.0  	0.0 	1.0      	1.0    	5.0  	0.0              
japanese_anemone 	0.0     	0.0      	1.0   	0.0     	0.0  	0.0      	5.0     	0.0            	6.0             	1.0    	0.0    	0.0  	0.0 	0.0      	0.0    	2.0  	0.0              
lilypad          	6.0     	2.0      	5.0   	3.0     	3.0  	0.0      	10.0    	2.0            	0.0             	53.0   	1.0    	0.0  	10.0	0.0      	1.0    	7.0  	0.0              
orchids          	4.0     	0.0      	0.0   	0.0     	2.0  	0.0      	2.0     	0.0            	0.0             	0.0    	7.0    	0.0  	1.0 	0.0      	0.0    	0.0  	0.0              
poppy            	0.0     	0.0      	0.0   	0.0     	0.0  	0.0      	0.0     	0.0            	0.0             	2.0    	0.0    	18.0 	3.0 	1.0      	0.0    	0.0  	0.0              
rose             	3.0     	0.0      	1.0   	0.0     	0.0  	0.0      	4.0     	0.0            	0.0             	13.0   	0.0    	1.0  	11.0	0.0      	1.0    	0.0  	0.0              
sunflower        	0.0     	0.0      	0.0   	1.0     	0.0  	0.0      	0.0     	0.0            	0.0             	0.0    	0.0    	0.0  	0.0 	14.0     	1.0    	0.0  	1.0              
thistle          	0.0     	0.0      	3.0   	0.0     	0.0  	0.0      	3.0     	0.0            	0.0             	0.0    	0.0    	0.0  	0.0 	0.0      	17.0   	0.0  	0.0              
viola            	3.0     	0.0      	0.0   	0.0     	1.0  	0.0      	0.0     	0.0            	0.0             	0.0    	1.0    	0.0  	0.0 	0.0      	0.0    	13.0 	0.0              
yellow_wildflower	0.0     	7.0      	0.0   	3.0     	0.0  	4.0      	0.0     	0.0            	0.0             	0.0    	0.0    	1.0  	3.0 	5.0      	0.0    	0.0  	18.0             

Accuracy = 50.717703349282296%

Balanced Accuracy = 51.852599691964606%

 Best K = 1