                 	bindweed	buttercup	crocus	daffodil	daisy	dandelion	foxglove	grape_hyacinths	japanese_anemone	lilypad	orchids	poppy	rose	sunflower	thistle	viola	yellow_wildflower
bindweed         	42.0    	0.0      	2.0   	1.0     	7.0  	0.0      	4.0     	1.0            	0.0             	16.0   	6.0    	0.0  	3.0 	0.0      	0.0    	6.0  	0.0              
buttercup        	0.0     	17.0     	0.0   	4.0     	0.0  	14.0     	1.0     	0.0            	0.0             	4.0    	0.0    	0.0  	3.0 	3.0      	0.0    	1.0  	3.0              
crocus           	7.0     	0.0      	3.0   	0.0     	0.0  	0.0      	3.0     	2.0            	1.0             	3.0    	3.0    	0.0  	2.0 	0.0      	3.0    	1.0  	0.0              
daffodil         	0.0     	1.0      	0.0   	8.0     	0.0  	1.0      	0.0     	0.0            	0.0             	3.0    	0.0    	0.0  	1.0 	3.0      	0.0    	1.0  	1.0              
daisy            	4.0     	0.0      	0.0   	0.0     	16.0 	0.0      	0.0     	0.0            	0.0             	0.0    	1.0    	0.0  	1.0 	1.0      	0.0    	1.0  	0.0              
dandelion        	0.0     	16.0     	0.0   	15.0    	0.0  	29.0     	0.0     	0.0            	0.0             	4.0    	0.0    	0.0  	6.0 	3.0      	0.0    	2.0  	3.0              
foxglove         	1.0     	0.0      	1.0   	0.0     	0.0  	0.0      	27.0    	2.0            	1.0             	4.0    	0.0    	0.0  	1.0 	0.0      	0.0    	2.0  	0.0              
grape_hyacinths  	0.0     	0.0      	1.0   	0.0     	0.0  	0.0      	5.0     	8.0            	1.0             	0.0    	0.0    	0.0  	0.0 	2.0      	1.0    	4.0  	0.0              
japanese_anemone 	0.0     	0.0      	4.0   	0.0     	0.0  	0.0      	7.0     	1.0            	5.0             	4.0    	0.0    	0.0  	1.0 	0.0      	0.0    	1.0  	0.0              
lilypad          	3.0     	0.0      	4.0   	1.0     	1.0  	0.0      	7.0     	2.0            	0.0             	41.0   	3.0    	0.0  	6.0 	0.0      	1.0    	3.0  	0.0              
orchids          	0.0     	0.0      	0.0   	0.0     	0.0  	0.0      	0.0     	1.0            	0.0             	0.0    	7.0    	0.0  	0.0 	0.0      	0.0    	0.0  	0.0              
poppy            	0.0     	0.0      	0.0   	0.0     	0.0  	0.0      	0.0     	0.0            	0.0             	6.0    	0.0    	19.0 	3.0 	0.0      	1.0    	0.0  	0.0              
rose             	1.0     	0.0      	0.0   	0.0     	0.0  	0.0      	3.0     	1.0            	0.0             	6.0    	0.0    	1.0  	9.0 	0.0      	0.0    	0.0  	0.0              
sunflower        	0.0     	0.0      	0.0   	0.0     	0.0  	0.0      	0.0     	0.0            	0.0             	0.0    	0.0    	0.0  	0.0 	14.0     	0.0    	0.0  	1.0              
thistle          	1.0     	0.0      	4.0   	0.0     	0.0  	0.0      	18.0    	3.0            	0.0             	5.0    	0.0    	0.0  	0.0 	1.0      	16.0   	3.0  	0.0              
viola            	1.0     	0.0      	1.0   	0.0     	0.0  	0.0      	0.0     	0.0            	0.0             	1.0    	0.0    	0.0  	0.0 	0.0      	1.0    	18.0 	0.0              
yellow_wildflower	0.0     	2.0      	0.0   	1.0     	0.0  	2.0      	7.0     	0.0            	0.0             	0.0    	0.0    	0.0  	2.0 	4.0      	1.0    	0.0  	19.0             

Accuracy = 47.52791068580542%

Balanced Accuracy = 49.537185024663636%

 Best K = 1