                 	bindweed	buttercup	crocus	daffodil	daisy	dandelion	foxglove	grape_hyacinths	japanese_anemone	lilypad	orchids	poppy	rose	sunflower	thistle	viola	yellow_wildflower
bindweed         	33.0    	0.0      	1.0   	0.0     	3.0  	0.0      	3.0     	2.0            	0.0             	15.0   	4.0    	0.0  	1.0 	0.0      	0.0    	3.0  	0.0              
buttercup        	0.0     	16.0     	0.0   	2.0     	0.0  	15.0     	1.0     	0.0            	0.0             	5.0    	0.0    	0.0  	1.0 	0.0      	0.0    	0.0  	5.0              
crocus           	3.0     	0.0      	5.0   	0.0     	1.0  	0.0      	5.0     	1.0            	1.0             	0.0    	3.0    	0.0  	0.0 	0.0      	2.0    	0.0  	0.0              
daffodil         	0.0     	2.0      	0.0   	7.0     	0.0  	2.0      	0.0     	0.0            	0.0             	4.0    	0.0    	0.0  	1.0 	5.0      	0.0    	2.0  	1.0              
daisy            	8.0     	0.0      	0.0   	1.0     	15.0 	0.0      	1.0     	0.0            	0.0             	7.0    	1.0    	0.0  	1.0 	1.0      	0.0    	1.0  	0.0              
dandelion        	0.0     	10.0     	0.0   	14.0    	0.0  	25.0     	0.0     	0.0            	0.0             	0.0    	0.0    	0.0  	4.0 	7.0      	0.0    	1.0  	4.0              
foxglove         	2.0     	0.0      	1.0   	0.0     	1.0  	0.0      	39.0    	7.0            	1.0             	6.0    	2.0    	0.0  	2.0 	0.0      	3.0    	10.0 	0.0              
grape_hyacinths  	0.0     	0.0      	2.0   	0.0     	0.0  	0.0      	7.0     	10.0           	0.0             	0.0    	1.0    	0.0  	0.0 	1.0      	1.0    	3.0  	0.0              
japanese_anemone 	0.0     	0.0      	2.0   	0.0     	0.0  	0.0      	8.0     	0.0            	6.0             	2.0    	0.0    	0.0  	0.0 	0.0      	0.0    	2.0  	0.0              
lilypad          	4.0     	1.0      	4.0   	2.0     	2.0  	0.0      	8.0     	1.0            	0.0             	43.0   	1.0    	0.0  	10.0	1.0      	1.0    	6.0  	0.0              
orchids          	5.0     	0.0      	0.0   	0.0     	0.0  	0.0      	3.0     	0.0            	0.0             	0.0    	7.0    	0.0  	2.0 	0.0      	0.0    	0.0  	0.0              
poppy            	0.0     	0.0      	0.0   	0.0     	0.0  	0.0      	0.0     	0.0            	0.0             	3.0    	0.0    	19.0 	3.0 	0.0      	0.0    	0.0  	0.0              
rose             	3.0     	0.0      	1.0   	0.0     	1.0  	0.0      	4.0     	0.0            	0.0             	12.0   	0.0    	0.0  	10.0	0.0      	1.0    	1.0  	0.0              
sunflower        	0.0     	0.0      	0.0   	2.0     	0.0  	0.0      	0.0     	0.0            	0.0             	0.0    	0.0    	0.0  	0.0 	13.0     	0.0    	0.0  	1.0              
thistle          	0.0     	0.0      	3.0   	0.0     	0.0  	0.0      	2.0     	0.0            	0.0             	0.0    	0.0    	0.0  	0.0 	0.0      	15.0   	0.0  	0.0              
viola            	2.0     	0.0      	1.0   	0.0     	1.0  	0.0      	0.0     	0.0            	0.0             	0.0    	1.0    	0.0  	0.0 	0.0      	0.0    	14.0 	0.0              
yellow_wildflower	0.0     	7.0      	0.0   	2.0     	0.0  	4.0      	1.0     	0.0            	0.0             	0.0    	0.0    	1.0  	3.0 	3.0      	1.0    	0.0  	16.0             

Accuracy = 46.730462519936204%

Balanced Accuracy = 48.92377624350291%

 Best K = 1