                 	bindweed	buttercup	crocus	daffodil	daisy	dandelion	foxglove	grape_hyacinths	japanese_anemone	lilypad	orchids	poppy	rose	sunflower	thistle	viola	yellow_wildflower
bindweed         	36.0    	0.0      	1.0   	1.0     	2.0  	0.0      	3.0     	1.0            	0.0             	10.0   	5.0    	0.0  	0.0 	0.0      	3.0    	5.0  	0.0              
buttercup        	0.0     	14.0     	0.0   	4.0     	0.0  	18.0     	1.0     	0.0            	0.0             	4.0    	0.0    	0.0  	2.0 	1.0      	0.0    	0.0  	0.0              
crocus           	5.0     	0.0      	5.0   	0.0     	0.0  	0.0      	5.0     	3.0            	1.0             	2.0    	4.0    	0.0  	2.0 	0.0      	2.0    	1.0  	0.0              
daffodil         	0.0     	4.0      	0.0   	6.0     	0.0  	1.0      	0.0     	0.0            	0.0             	4.0    	0.0    	0.0  	0.0 	3.0      	0.0    	1.0  	0.0              
daisy            	5.0     	0.0      	0.0   	0.0     	21.0 	0.0      	0.0     	0.0            	0.0             	4.0    	2.0    	0.0  	0.0 	1.0      	0.0    	2.0  	0.0              
dandelion        	0.0     	18.0     	0.0   	17.0    	0.0  	25.0     	0.0     	0.0            	0.0             	2.0    	0.0    	0.0  	6.0 	4.0      	0.0    	1.0  	2.0              
foxglove         	3.0     	0.0      	2.0   	0.0     	0.0  	0.0      	32.0    	2.0            	1.0             	3.0    	0.0    	0.0  	2.0 	0.0      	1.0    	3.0  	0.0              
grape_hyacinths  	0.0     	0.0      	1.0   	0.0     	0.0  	0.0      	6.0     	9.0            	1.0             	0.0    	0.0    	0.0  	0.0 	1.0      	2.0    	3.0  	0.0              
japanese_anemone 	0.0     	0.0      	4.0   	0.0     	0.0  	0.0      	11.0    	0.0            	5.0             	9.0    	0.0    	0.0  	0.0 	0.0      	0.0    	3.0  	0.0              
lilypad          	5.0     	0.0      	5.0   	1.0     	1.0  	0.0      	7.0     	3.0            	0.0             	45.0   	2.0    	0.0  	7.0 	0.0      	0.0    	6.0  	0.0              
orchids          	2.0     	0.0      	0.0   	0.0     	0.0  	0.0      	1.0     	1.0            	0.0             	0.0    	7.0    	0.0  	2.0 	0.0      	0.0    	0.0  	0.0              
poppy            	0.0     	0.0      	0.0   	0.0     	0.0  	0.0      	1.0     	0.0            	0.0             	4.0    	0.0    	19.0 	3.0 	0.0      	1.0    	0.0  	0.0              
rose             	2.0     	0.0      	0.0   	0.0     	0.0  	0.0      	4.0     	0.0            	0.0             	7.0    	0.0    	1.0  	11.0	0.0      	0.0    	1.0  	0.0              
sunflower        	0.0     	0.0      	0.0   	0.0     	0.0  	1.0      	0.0     	0.0            	0.0             	0.0    	0.0    	0.0  	0.0 	15.0     	0.0    	0.0  	2.0              
thistle          	0.0     	0.0      	1.0   	0.0     	0.0  	0.0      	9.0     	2.0            	0.0             	2.0    	0.0    	0.0  	0.0 	1.0      	13.0   	0.0  	0.0              
viola            	2.0     	0.0      	1.0   	0.0     	0.0  	0.0      	0.0     	0.0            	0.0             	0.0    	0.0    	0.0  	0.0 	0.0      	0.0    	17.0 	0.0              
yellow_wildflower	0.0     	0.0      	0.0   	1.0     	0.0  	1.0      	2.0     	0.0            	0.0             	1.0    	0.0    	0.0  	3.0 	5.0      	2.0    	0.0  	23.0             

Accuracy = 48.32535885167464%

Balanced Accuracy = 50.74889420130815%

 Best K = 1