                 	bindweed	buttercup	crocus	daffodil	daisy	dandelion	foxglove	grape_hyacinths	japanese_anemone	lilypad	orchids	poppy	rose	sunflower	thistle	viola	yellow_wildflower
bindweed         	39.0    	0.0      	2.0   	1.0     	1.0  	0.0      	3.0     	1.0            	0.0             	11.0   	5.0    	0.0  	2.0 	0.0      	0.0    	6.0  	0.0              
buttercup        	0.0     	21.0     	0.0   	4.0     	0.0  	20.0     	1.0     	0.0            	0.0             	4.0    	0.0    	0.0  	6.0 	0.0      	0.0    	0.0  	0.0              
crocus           	6.0     	0.0      	4.0   	0.0     	0.0  	0.0      	7.0     	1.0            	1.0             	1.0    	3.0    	0.0  	2.0 	0.0      	1.0    	1.0  	0.0              
daffodil         	1.0     	3.0      	1.0   	9.0     	0.0  	1.0      	0.0     	0.0            	0.0             	4.0    	0.0    	0.0  	0.0 	4.0      	0.0    	1.0  	0.0              
daisy            	2.0     	0.0      	1.0   	1.0     	21.0 	0.0      	0.0     	0.0            	0.0             	0.0    	1.0    	0.0  	0.0 	1.0      	0.0    	1.0  	0.0              
dandelion        	0.0     	10.0     	0.0   	13.0    	0.0  	24.0     	0.0     	0.0            	0.0             	0.0    	0.0    	0.0  	2.0 	2.0      	0.0    	2.0  	2.0              
foxglove         	0.0     	0.0      	0.0   	0.0     	0.0  	0.0      	35.0    	1.0            	0.0             	2.0    	0.0    	0.0  	0.0 	0.0      	3.0    	2.0  	0.0              
grape_hyacinths  	0.0     	0.0      	1.0   	0.0     	0.0  	0.0      	8.0     	12.0           	1.0             	1.0    	0.0    	0.0  	0.0 	0.0      	4.0    	5.0  	0.0              
japanese_anemone 	0.0     	0.0      	3.0   	0.0     	0.0  	0.0      	6.0     	1.0            	6.0             	7.0    	0.0    	0.0  	0.0 	0.0      	0.0    	2.0  	0.0              
lilypad          	3.0     	0.0      	7.0   	1.0     	1.0  	0.0      	10.0    	4.0            	0.0             	53.0   	3.0    	0.0  	10.0	0.0      	0.0    	5.0  	0.0              
orchids          	4.0     	0.0      	0.0   	0.0     	0.0  	0.0      	2.0     	1.0            	0.0             	0.0    	8.0    	0.0  	2.0 	0.0      	0.0    	0.0  	0.0              
poppy            	0.0     	0.0      	0.0   	0.0     	0.0  	0.0      	0.0     	0.0            	0.0             	4.0    	0.0    	18.0 	3.0 	0.0      	0.0    	0.0  	0.0              
rose             	2.0     	0.0      	0.0   	0.0     	0.0  	0.0      	3.0     	0.0            	0.0             	8.0    	0.0    	2.0  	8.0 	0.0      	0.0    	0.0  	0.0              
sunflower        	0.0     	0.0      	0.0   	0.0     	0.0  	1.0      	0.0     	0.0            	0.0             	0.0    	0.0    	0.0  	0.0 	17.0     	0.0    	0.0  	0.0              
thistle          	0.0     	0.0      	0.0   	0.0     	0.0  	0.0      	3.0     	0.0            	0.0             	1.0    	0.0    	0.0  	0.0 	1.0      	15.0   	0.0  	0.0              
viola            	3.0     	0.0      	1.0   	0.0     	1.0  	0.0      	2.0     	0.0            	0.0             	1.0    	0.0    	0.0  	0.0 	0.0      	0.0    	18.0 	0.0              
yellow_wildflower	0.0     	2.0      	0.0   	1.0     	0.0  	0.0      	2.0     	0.0            	0.0             	0.0    	0.0    	0.0  	3.0 	6.0      	1.0    	0.0  	25.0             

Accuracy = 53.110047846889955%

Balanced Accuracy = 55.60685909246514%

 Best K = 1