                 	bindweed	buttercup	crocus	daffodil	daisy	dandelion	foxglove	grape_hyacinths	japanese_anemone	lilypad	orchids	poppy	rose	sunflower	thistle	viola	yellow_wildflower
bindweed         	38.0    	0.0      	2.0   	1.0     	5.0  	0.0      	3.0     	1.0            	0.0             	12.0   	5.0    	0.0  	1.0 	0.0      	0.0    	2.0  	0.0              
buttercup        	0.0     	15.0     	0.0   	4.0     	0.0  	17.0     	1.0     	0.0            	0.0             	2.0    	0.0    	0.0  	3.0 	4.0      	0.0    	1.0  	2.0              
crocus           	4.0     	0.0      	6.0   	0.0     	0.0  	0.0      	5.0     	3.0            	1.0             	3.0    	4.0    	0.0  	2.0 	0.0      	3.0    	2.0  	0.0              
daffodil         	1.0     	1.0      	0.0   	8.0     	0.0  	1.0      	0.0     	0.0            	0.0             	4.0    	0.0    	0.0  	0.0 	2.0      	0.0    	1.0  	0.0              
daisy            	5.0     	0.0      	0.0   	0.0     	18.0 	0.0      	0.0     	0.0            	0.0             	2.0    	2.0    	0.0  	0.0 	0.0      	0.0    	2.0  	0.0              
dandelion        	0.0     	18.0     	0.0   	16.0    	0.0  	26.0     	0.0     	0.0            	0.0             	4.0    	0.0    	0.0  	5.0 	4.0      	0.0    	2.0  	3.0              
foxglove         	3.0     	0.0      	0.0   	0.0     	0.0  	0.0      	29.0    	5.0            	0.0             	3.0    	0.0    	0.0  	3.0 	0.0      	1.0    	3.0  	0.0              
grape_hyacinths  	0.0     	0.0      	1.0   	0.0     	0.0  	0.0      	3.0     	6.0            	0.0             	0.0    	0.0    	0.0  	0.0 	1.0      	1.0    	4.0  	0.0              
japanese_anemone 	0.0     	0.0      	2.0   	0.0     	0.0  	0.0      	7.0     	0.0            	6.0             	8.0    	0.0    	0.0  	0.0 	0.0      	0.0    	4.0  	0.0              
lilypad          	5.0     	0.0      	3.0   	1.0     	1.0  	0.0      	9.0     	2.0            	0.0             	43.0   	2.0    	0.0  	6.0 	0.0      	1.0    	3.0  	0.0              
orchids          	0.0     	0.0      	0.0   	0.0     	0.0  	0.0      	0.0     	0.0            	0.0             	0.0    	7.0    	0.0  	2.0 	0.0      	0.0    	0.0  	0.0              
poppy            	0.0     	0.0      	0.0   	0.0     	0.0  	0.0      	0.0     	0.0            	0.0             	5.0    	0.0    	19.0 	3.0 	0.0      	0.0    	0.0  	0.0              
rose             	1.0     	0.0      	1.0   	0.0     	0.0  	0.0      	4.0     	1.0            	0.0             	6.0    	0.0    	1.0  	11.0	0.0      	0.0    	0.0  	0.0              
sunflower        	0.0     	0.0      	0.0   	0.0     	0.0  	0.0      	0.0     	0.0            	0.0             	0.0    	0.0    	0.0  	0.0 	15.0     	0.0    	0.0  	2.0              
thistle          	1.0     	0.0      	4.0   	0.0     	0.0  	0.0      	15.0    	3.0            	1.0             	2.0    	0.0    	0.0  	0.0 	1.0      	16.0   	3.0  	0.0              
viola            	2.0     	0.0      	1.0   	0.0     	0.0  	0.0      	0.0     	0.0            	0.0             	1.0    	0.0    	0.0  	0.0 	0.0      	0.0    	16.0 	0.0              
yellow_wildflower	0.0     	2.0      	0.0   	0.0     	0.0  	2.0      	6.0     	0.0            	0.0             	2.0    	0.0    	0.0  	2.0 	4.0      	2.0    	0.0  	20.0             

Accuracy = 47.687400318979265%

Balanced Accuracy = 50.69059371740302%

 Best K = 1