                 	bindweed	buttercup	crocus	daffodil	daisy	dandelion	foxglove	grape_hyacinths	japanese_anemone	lilypad	orchids	poppy	rose	sunflower	thistle	viola	yellow_wildflower
bindweed         	38.0    	0.0      	1.0   	1.0     	2.0  	0.0      	3.0     	1.0            	0.0             	11.0   	5.0    	0.0  	0.0 	0.0      	0.0    	5.0  	0.0              
buttercup        	0.0     	16.0     	0.0   	4.0     	0.0  	19.0     	1.0     	0.0            	0.0             	4.0    	0.0    	0.0  	3.0 	1.0      	0.0    	0.0  	0.0              
crocus           	7.0     	0.0      	4.0   	0.0     	0.0  	0.0      	6.0     	3.0            	1.0             	1.0    	4.0    	0.0  	2.0 	0.0      	2.0    	1.0  	0.0              
daffodil         	0.0     	3.0      	0.0   	8.0     	0.0  	1.0      	0.0     	0.0            	0.0             	4.0    	0.0    	0.0  	0.0 	4.0      	0.0    	1.0  	0.0              
daisy            	2.0     	0.0      	0.0   	0.0     	21.0 	0.0      	0.0     	0.0            	0.0             	2.0    	2.0    	0.0  	0.0 	1.0      	0.0    	1.0  	0.0              
dandelion        	0.0     	17.0     	0.0   	16.0    	0.0  	24.0     	0.0     	0.0            	0.0             	1.0    	0.0    	0.0  	6.0 	2.0      	0.0    	1.0  	2.0              
foxglove         	3.0     	0.0      	2.0   	0.0     	0.0  	0.0      	34.0    	2.0            	0.0             	3.0    	0.0    	0.0  	2.0 	0.0      	2.0    	3.0  	0.0              
grape_hyacinths  	0.0     	0.0      	1.0   	0.0     	0.0  	0.0      	6.0     	10.0           	1.0             	0.0    	0.0    	0.0  	0.0 	1.0      	4.0    	5.0  	0.0              
japanese_anemone 	0.0     	0.0      	5.0   	0.0     	0.0  	0.0      	10.0    	0.0            	6.0             	8.0    	0.0    	0.0  	0.0 	0.0      	0.0    	3.0  	0.0              
lilypad          	5.0     	0.0      	5.0   	1.0     	1.0  	0.0      	8.0     	3.0            	0.0             	49.0   	2.0    	0.0  	7.0 	0.0      	1.0    	8.0  	0.0              
orchids          	1.0     	0.0      	0.0   	0.0     	0.0  	0.0      	1.0     	1.0            	0.0             	0.0    	7.0    	0.0  	2.0 	0.0      	0.0    	0.0  	0.0              
poppy            	0.0     	0.0      	0.0   	0.0     	0.0  	0.0      	1.0     	0.0            	0.0             	5.0    	0.0    	19.0 	3.0 	0.0      	0.0    	0.0  	0.0              
rose             	2.0     	0.0      	0.0   	0.0     	0.0  	0.0      	6.0     	0.0            	0.0             	7.0    	0.0    	1.0  	10.0	0.0      	0.0    	0.0  	0.0              
sunflower        	0.0     	0.0      	0.0   	0.0     	0.0  	1.0      	0.0     	0.0            	0.0             	0.0    	0.0    	0.0  	0.0 	15.0     	0.0    	0.0  	1.0              
thistle          	0.0     	0.0      	1.0   	0.0     	0.0  	0.0      	3.0     	1.0            	0.0             	1.0    	0.0    	0.0  	0.0 	1.0      	13.0   	0.0  	0.0              
viola            	2.0     	0.0      	1.0   	0.0     	0.0  	0.0      	0.0     	0.0            	0.0             	0.0    	0.0    	0.0  	0.0 	0.0      	0.0    	15.0 	0.0              
yellow_wildflower	0.0     	0.0      	0.0   	0.0     	0.0  	1.0      	3.0     	0.0            	0.0             	1.0    	0.0    	0.0  	3.0 	6.0      	2.0    	0.0  	24.0             

Accuracy = 49.920255183413076%

Balanced Accuracy = 52.43284978778284%

 Best K = 1