                 	bindweed	buttercup	crocus	daffodil	daisy	dandelion	foxglove	grape_hyacinths	japanese_anemone	lilypad	orchids	poppy	rose	sunflower	thistle	viola	yellow_wildflower
bindweed         	59.0    	0.0      	5.0   	0.0     	0.0  	0.0      	1.0     	2.0            	0.0             	10.0   	4.0    	0.0  	1.0 	0.0      	0.0    	1.0  	0.0              
buttercup        	0.0     	16.0     	0.0   	6.0     	0.0  	7.0      	0.0     	0.0            	0.0             	0.0    	0.0    	0.0  	0.0 	1.0      	0.0    	0.0  	2.0              
crocus           	0.0     	0.0      	7.0   	0.0     	0.0  	0.0      	0.0     	0.0            	0.0             	1.0    	4.0    	0.0  	0.0 	0.0      	0.0    	1.0  	0.0              
daffodil         	0.0     	5.0      	0.0   	18.0    	0.0  	1.0      	0.0     	0.0            	0.0             	3.0    	0.0    	0.0  	2.0 	2.0      	0.0    	0.0  	0.0              
daisy            	0.0     	0.0      	0.0   	0.0     	16.0 	0.0      	0.0     	0.0            	0.0             	3.0    	0.0    	0.0  	2.0 	0.0      	0.0    	1.0  	0.0              
dandelion        	0.0     	5.0      	0.0   	4.0     	0.0  	27.0     	0.0     	0.0            	0.0             	0.0    	0.0    	0.0  	0.0 	1.0      	0.0    	0.0  	1.0              
foxglove         	1.0     	0.0      	5.0   	0.0     	3.0  	0.0      	66.0    	5.0            	0.0             	7.0    	0.0    	0.0  	1.0 	0.0      	4.0    	7.0  	0.0              
grape_hyacinths  	0.0     	0.0      	1.0   	0.0     	0.0  	0.0      	0.0     	15.0           	0.0             	0.0    	0.0    	0.0  	0.0 	0.0      	0.0    	5.0  	0.0              
japanese_anemone 	0.0     	0.0      	3.0   	0.0     	0.0  	0.0      	3.0     	0.0            	5.0             	1.0    	0.0    	0.0  	0.0 	0.0      	0.0    	2.0  	0.0              
lilypad          	3.0     	1.0      	1.0   	2.0     	3.0  	0.0      	2.0     	0.0            	1.0             	57.0   	0.0    	1.0  	6.0 	1.0      	0.0    	5.0  	0.0              
orchids          	0.0     	0.0      	0.0   	0.0     	0.0  	0.0      	2.0     	0.0            	0.0             	3.0    	12.0   	0.0  	0.0 	0.0      	0.0    	1.0  	0.0              
poppy            	0.0     	0.0      	0.0   	0.0     	0.0  	0.0      	0.0     	0.0            	0.0             	0.0    	0.0    	12.0 	0.0 	1.0      	0.0    	0.0  	0.0              
rose             	1.0     	1.0      	0.0   	0.0     	0.0  	0.0      	2.0     	0.0            	0.0             	11.0   	0.0    	2.0  	15.0	0.0      	1.0    	0.0  	0.0              
sunflower        	0.0     	1.0      	0.0   	0.0     	0.0  	0.0      	0.0     	0.0            	0.0             	0.0    	0.0    	1.0  	3.0 	17.0     	0.0    	0.0  	0.0              
thistle          	0.0     	0.0      	2.0   	0.0     	0.0  	0.0      	2.0     	0.0            	0.0             	0.0    	0.0    	0.0  	2.0 	0.0      	19.0   	0.0  	0.0              
viola            	0.0     	0.0      	0.0   	0.0     	1.0  	0.0      	1.0     	1.0            	2.0             	0.0    	1.0    	0.0  	0.0 	0.0      	0.0    	28.0 	0.0              
yellow_wildflower	0.0     	1.0      	0.0   	0.0     	0.0  	2.0      	0.0     	0.0            	0.0             	0.0    	0.0    	0.0  	0.0 	1.0      	0.0    	0.0  	17.0             

Accuracy = 67.44186046511628%

Balanced Accuracy = 65.69307078783908%

C=0.1
gamma=1
kernel=linear