                 	bindweed	buttercup	crocus	daffodil	daisy	dandelion	foxglove	grape_hyacinths	japanese_anemone	lilypad	orchids	poppy	rose	sunflower	thistle	viola	yellow_wildflower
bindweed         	59.0    	0.0      	3.0   	0.0     	0.0  	0.0      	1.0     	2.0            	0.0             	9.0    	2.0    	0.0  	1.0 	0.0      	0.0    	1.0  	0.0              
buttercup        	0.0     	13.0     	0.0   	5.0     	0.0  	7.0      	0.0     	0.0            	0.0             	1.0    	0.0    	0.0  	0.0 	0.0      	0.0    	0.0  	2.0              
crocus           	0.0     	0.0      	7.0   	0.0     	0.0  	0.0      	1.0     	0.0            	0.0             	4.0    	6.0    	0.0  	1.0 	0.0      	0.0    	1.0  	0.0              
daffodil         	0.0     	8.0      	0.0   	21.0    	0.0  	1.0      	0.0     	0.0            	0.0             	1.0    	0.0    	0.0  	2.0 	2.0      	0.0    	0.0  	0.0              
daisy            	0.0     	0.0      	0.0   	0.0     	19.0 	0.0      	0.0     	0.0            	0.0             	6.0    	0.0    	0.0  	2.0 	0.0      	0.0    	1.0  	0.0              
dandelion        	0.0     	6.0      	0.0   	3.0     	0.0  	29.0     	0.0     	0.0            	0.0             	0.0    	0.0    	0.0  	0.0 	1.0      	0.0    	0.0  	2.0              
foxglove         	1.0     	0.0      	5.0   	0.0     	1.0  	0.0      	64.0    	5.0            	2.0             	5.0    	0.0    	0.0  	1.0 	0.0      	4.0    	6.0  	0.0              
grape_hyacinths  	0.0     	0.0      	1.0   	0.0     	0.0  	0.0      	1.0     	15.0           	0.0             	0.0    	0.0    	0.0  	0.0 	0.0      	0.0    	5.0  	0.0              
japanese_anemone 	0.0     	0.0      	3.0   	0.0     	0.0  	0.0      	5.0     	0.0            	4.0             	2.0    	0.0    	0.0  	0.0 	0.0      	0.0    	2.0  	0.0              
lilypad          	3.0     	0.0      	2.0   	1.0     	2.0  	0.0      	3.0     	0.0            	0.0             	54.0   	0.0    	1.0  	5.0 	1.0      	0.0    	4.0  	0.0              
orchids          	0.0     	0.0      	0.0   	0.0     	0.0  	0.0      	1.0     	0.0            	0.0             	3.0    	12.0   	0.0  	0.0 	0.0      	0.0    	0.0  	0.0              
poppy            	0.0     	0.0      	0.0   	0.0     	0.0  	0.0      	0.0     	0.0            	0.0             	0.0    	0.0    	13.0 	0.0 	1.0      	0.0    	0.0  	0.0              
rose             	0.0     	0.0      	0.0   	0.0     	0.0  	0.0      	0.0     	0.0            	0.0             	11.0   	0.0    	2.0  	16.0	0.0      	1.0    	0.0  	0.0              
sunflower        	0.0     	1.0      	0.0   	0.0     	0.0  	0.0      	0.0     	0.0            	0.0             	0.0    	0.0    	0.0  	2.0 	18.0     	0.0    	0.0  	0.0              
thistle          	0.0     	0.0      	3.0   	0.0     	0.0  	0.0      	3.0     	0.0            	0.0             	0.0    	0.0    	0.0  	2.0 	0.0      	19.0   	0.0  	0.0              
viola            	1.0     	0.0      	0.0   	0.0     	1.0  	0.0      	0.0     	1.0            	2.0             	0.0    	1.0    	0.0  	0.0 	0.0      	0.0    	31.0 	0.0              
yellow_wildflower	0.0     	2.0      	0.0   	0.0     	0.0  	0.0      	0.0     	0.0            	0.0             	0.0    	0.0    	0.0  	0.0 	1.0      	0.0    	0.0  	16.0             

Accuracy = 68.10631229235881%

Balanced Accuracy = 66.55873300575071%

C=0.1
gamma=1
kernel=linear