                 	bindweed	buttercup	crocus	daffodil	daisy	dandelion	foxglove	grape_hyacinths	japanese_anemone	lilypad	orchids	poppy	rose	sunflower	thistle	viola	yellow_wildflower
bindweed         	56.0    	0.0      	4.0   	1.0     	1.0  	0.0      	5.0     	2.0            	0.0             	10.0   	5.0    	0.0  	1.0 	0.0      	1.0    	2.0  	0.0              
buttercup        	0.0     	16.0     	0.0   	5.0     	0.0  	17.0     	0.0     	0.0            	0.0             	3.0    	0.0    	0.0  	0.0 	0.0      	0.0    	0.0  	2.0              
crocus           	2.0     	0.0      	4.0   	0.0     	0.0  	0.0      	2.0     	0.0            	1.0             	3.0    	3.0    	0.0  	1.0 	0.0      	1.0    	3.0  	0.0              
daffodil         	0.0     	8.0      	0.0   	17.0    	0.0  	2.0      	0.0     	0.0            	0.0             	2.0    	0.0    	0.0  	1.0 	2.0      	0.0    	0.0  	2.0              
daisy            	0.0     	0.0      	0.0   	0.0     	18.0 	0.0      	2.0     	0.0            	0.0             	2.0    	0.0    	0.0  	1.0 	0.0      	0.0    	0.0  	0.0              
dandelion        	0.0     	4.0      	0.0   	5.0     	0.0  	18.0     	0.0     	0.0            	0.0             	0.0    	0.0    	0.0  	1.0 	1.0      	0.0    	0.0  	2.0              
foxglove         	1.0     	0.0      	5.0   	0.0     	1.0  	0.0      	61.0    	3.0            	4.0             	6.0    	2.0    	0.0  	4.0 	0.0      	3.0    	5.0  	0.0              
grape_hyacinths  	0.0     	0.0      	1.0   	0.0     	0.0  	0.0      	1.0     	16.0           	0.0             	0.0    	0.0    	0.0  	0.0 	0.0      	4.0    	5.0  	0.0              
japanese_anemone 	0.0     	0.0      	4.0   	0.0     	0.0  	0.0      	2.0     	0.0            	2.0             	5.0    	0.0    	0.0  	0.0 	0.0      	3.0    	0.0  	0.0              
lilypad          	4.0     	1.0      	4.0   	2.0     	3.0  	0.0      	4.0     	0.0            	1.0             	52.0   	1.0    	0.0  	6.0 	0.0      	0.0    	9.0  	0.0              
orchids          	0.0     	0.0      	0.0   	0.0     	0.0  	0.0      	1.0     	0.0            	0.0             	3.0    	10.0   	0.0  	1.0 	1.0      	0.0    	2.0  	0.0              
poppy            	0.0     	0.0      	0.0   	0.0     	0.0  	0.0      	0.0     	0.0            	0.0             	0.0    	0.0    	16.0 	1.0 	0.0      	0.0    	0.0  	0.0              
rose             	1.0     	0.0      	0.0   	0.0     	0.0  	0.0      	1.0     	0.0            	0.0             	7.0    	0.0    	0.0  	12.0	0.0      	0.0    	0.0  	1.0              
sunflower        	0.0     	0.0      	0.0   	0.0     	0.0  	0.0      	0.0     	0.0            	0.0             	0.0    	0.0    	0.0  	0.0 	15.0     	0.0    	0.0  	0.0              
thistle          	0.0     	0.0      	2.0   	0.0     	0.0  	0.0      	0.0     	0.0            	0.0             	0.0    	0.0    	0.0  	1.0 	0.0      	12.0   	3.0  	0.0              
viola            	0.0     	0.0      	0.0   	0.0     	0.0  	0.0      	0.0     	2.0            	0.0             	3.0    	0.0    	0.0  	0.0 	0.0      	0.0    	22.0 	0.0              
yellow_wildflower	0.0     	1.0      	0.0   	0.0     	0.0  	0.0      	0.0     	0.0            	0.0             	0.0    	0.0    	0.0  	2.0 	5.0      	0.0    	0.0  	13.0             

Accuracy = 59.800664451827245%

Balanced Accuracy = 57.22232713723117%

C=0.1
gamma=1
kernel=linear