                 	bindweed	buttercup	crocus	daffodil	daisy	dandelion	foxglove	grape_hyacinths	japanese_anemone	lilypad	orchids	poppy	rose	sunflower	thistle	viola	yellow_wildflower
bindweed         	41.0    	0.0      	4.0   	1.0     	4.0  	0.0      	4.0     	4.0            	0.0             	13.0   	6.0    	0.0  	2.0 	0.0      	0.0    	5.0  	0.0              
buttercup        	0.0     	10.0     	0.0   	2.0     	0.0  	11.0     	0.0     	0.0            	0.0             	1.0    	0.0    	0.0  	0.0 	0.0      	0.0    	0.0  	0.0              
crocus           	0.0     	0.0      	0.0   	0.0     	0.0  	0.0      	0.0     	0.0            	0.0             	0.0    	0.0    	0.0  	0.0 	0.0      	0.0    	0.0  	0.0              
daffodil         	0.0     	0.0      	0.0   	3.0     	0.0  	1.0      	0.0     	0.0            	0.0             	0.0    	0.0    	0.0  	0.0 	0.0      	0.0    	1.0  	0.0              
daisy            	3.0     	0.0      	0.0   	0.0     	11.0 	0.0      	0.0     	0.0            	0.0             	2.0    	4.0    	0.0  	0.0 	1.0      	0.0    	0.0  	0.0              
dandelion        	0.0     	8.0      	0.0   	7.0     	0.0  	23.0     	0.0     	0.0            	0.0             	1.0    	0.0    	3.0  	3.0 	9.0      	0.0    	0.0  	2.0              
foxglove         	6.0     	0.0      	15.0  	3.0     	3.0  	0.0      	60.0    	4.0            	2.0             	12.0   	2.0    	0.0  	13.0	3.0      	4.0    	21.0 	0.0              
grape_hyacinths  	0.0     	0.0      	1.0   	0.0     	0.0  	0.0      	0.0     	7.0            	0.0             	1.0    	1.0    	0.0  	0.0 	2.0      	4.0    	3.0  	0.0              
japanese_anemone 	0.0     	0.0      	0.0   	0.0     	0.0  	0.0      	1.0     	0.0            	5.0             	0.0    	0.0    	0.0  	0.0 	0.0      	0.0    	0.0  	0.0              
lilypad          	9.0     	5.0      	3.0   	8.0     	3.0  	0.0      	9.0     	2.0            	0.0             	61.0   	2.0    	2.0  	3.0 	2.0      	8.0    	17.0 	0.0              
orchids          	1.0     	0.0      	0.0   	0.0     	1.0  	0.0      	0.0     	3.0            	0.0             	0.0    	6.0    	0.0  	0.0 	0.0      	0.0    	1.0  	0.0              
poppy            	0.0     	0.0      	0.0   	0.0     	0.0  	0.0      	1.0     	0.0            	0.0             	2.0    	0.0    	8.0  	4.0 	0.0      	0.0    	0.0  	0.0              
rose             	0.0     	0.0      	0.0   	1.0     	0.0  	0.0      	0.0     	0.0            	0.0             	2.0    	0.0    	1.0  	7.0 	0.0      	0.0    	0.0  	0.0              
sunflower        	0.0     	5.0      	0.0   	3.0     	0.0  	2.0      	0.0     	1.0            	0.0             	0.0    	0.0    	2.0  	0.0 	5.0      	0.0    	0.0  	2.0              
thistle          	0.0     	2.0      	0.0   	1.0     	0.0  	0.0      	2.0     	2.0            	1.0             	0.0    	0.0    	0.0  	0.0 	0.0      	8.0    	1.0  	0.0              
viola            	4.0     	0.0      	1.0   	0.0     	1.0  	0.0      	2.0     	0.0            	0.0             	1.0    	0.0    	0.0  	0.0 	1.0      	0.0    	2.0  	0.0              
yellow_wildflower	0.0     	0.0      	0.0   	1.0     	0.0  	0.0      	0.0     	0.0            	0.0             	0.0    	0.0    	0.0  	0.0 	1.0      	0.0    	0.0  	16.0             

Accuracy = 45.348837209302324%

Balanced Accuracy = 40.49085662832549%

C=10
gamma=1
kernel=rbf