                 	bindweed	buttercup	crocus	daffodil	daisy	dandelion	foxglove	grape_hyacinths	japanese_anemone	lilypad	orchids	poppy	rose	sunflower	thistle	viola	yellow_wildflower
bindweed         	37.0    	0.0      	4.0   	1.0     	5.0  	0.0      	2.0     	4.0            	0.0             	12.0   	9.0    	0.0  	2.0 	0.0      	1.0    	6.0  	0.0              
buttercup        	0.0     	4.0      	0.0   	1.0     	0.0  	4.0      	0.0     	0.0            	0.0             	1.0    	0.0    	0.0  	0.0 	0.0      	0.0    	0.0  	0.0              
crocus           	0.0     	0.0      	0.0   	1.0     	0.0  	0.0      	0.0     	0.0            	0.0             	0.0    	0.0    	0.0  	0.0 	1.0      	0.0    	1.0  	0.0              
daffodil         	0.0     	0.0      	0.0   	4.0     	0.0  	0.0      	0.0     	0.0            	0.0             	0.0    	0.0    	0.0  	0.0 	0.0      	2.0    	1.0  	0.0              
daisy            	6.0     	1.0      	0.0   	0.0     	15.0 	0.0      	0.0     	0.0            	0.0             	2.0    	2.0    	0.0  	0.0 	0.0      	0.0    	2.0  	0.0              
dandelion        	0.0     	13.0     	0.0   	9.0     	0.0  	32.0     	1.0     	0.0            	0.0             	0.0    	0.0    	2.0  	3.0 	9.0      	0.0    	0.0  	2.0              
foxglove         	5.0     	0.0      	13.0  	0.0     	2.0  	0.0      	60.0    	4.0            	1.0             	11.0   	2.0    	0.0  	8.0 	3.0      	6.0    	18.0 	0.0              
grape_hyacinths  	0.0     	0.0      	2.0   	0.0     	0.0  	0.0      	0.0     	8.0            	0.0             	0.0    	1.0    	0.0  	0.0 	2.0      	0.0    	2.0  	0.0              
japanese_anemone 	0.0     	0.0      	1.0   	0.0     	0.0  	0.0      	0.0     	0.0            	6.0             	0.0    	0.0    	0.0  	0.0 	0.0      	0.0    	0.0  	0.0              
lilypad          	8.0     	4.0      	4.0   	9.0     	1.0  	0.0      	11.0    	3.0            	0.0             	62.0   	1.0    	1.0  	7.0 	1.0      	8.0    	16.0 	0.0              
orchids          	5.0     	0.0      	0.0   	0.0     	0.0  	0.0      	0.0     	2.0            	0.0             	0.0    	6.0    	0.0  	0.0 	0.0      	0.0    	1.0  	0.0              
poppy            	0.0     	1.0      	0.0   	1.0     	0.0  	0.0      	0.0     	0.0            	0.0             	0.0    	0.0    	8.0  	6.0 	1.0      	0.0    	0.0  	0.0              
rose             	0.0     	0.0      	0.0   	1.0     	0.0  	0.0      	1.0     	0.0            	0.0             	3.0    	0.0    	0.0  	6.0 	0.0      	0.0    	0.0  	0.0              
sunflower        	0.0     	3.0      	0.0   	1.0     	0.0  	1.0      	0.0     	0.0            	0.0             	0.0    	0.0    	5.0  	0.0 	5.0      	0.0    	0.0  	2.0              
thistle          	0.0     	2.0      	0.0   	0.0     	0.0  	0.0      	3.0     	2.0            	1.0             	3.0    	0.0    	0.0  	0.0 	0.0      	7.0    	2.0  	0.0              
viola            	3.0     	0.0      	0.0   	1.0     	0.0  	0.0      	1.0     	0.0            	0.0             	2.0    	0.0    	0.0  	0.0 	1.0      	0.0    	2.0  	0.0              
yellow_wildflower	0.0     	2.0      	0.0   	1.0     	0.0  	0.0      	0.0     	0.0            	0.0             	0.0    	0.0    	0.0  	0.0 	1.0      	0.0    	0.0  	16.0             

Accuracy = 46.179401993355484%

Balanced Accuracy = 42.22007945729256%

C=100
gamma=0.1
kernel=rbf