                 	bindweed	buttercup	crocus	daffodil	daisy	dandelion	foxglove	grape_hyacinths	japanese_anemone	lilypad	orchids	poppy	rose	sunflower	thistle	viola	yellow_wildflower
bindweed         	38.0    	0.0      	4.0   	1.0     	6.0  	0.0      	5.0     	4.0            	0.0             	15.0   	5.0    	0.0  	1.0 	0.0      	0.0    	4.0  	0.0              
buttercup        	0.0     	13.0     	0.0   	2.0     	0.0  	8.0      	0.0     	0.0            	0.0             	2.0    	0.0    	0.0  	0.0 	0.0      	0.0    	0.0  	0.0              
crocus           	1.0     	0.0      	8.0   	1.0     	0.0  	0.0      	7.0     	1.0            	0.0             	0.0    	0.0    	0.0  	0.0 	3.0      	2.0    	10.0 	0.0              
daffodil         	0.0     	1.0      	0.0   	6.0     	0.0  	1.0      	2.0     	1.0            	0.0             	3.0    	0.0    	3.0  	0.0 	0.0      	3.0    	2.0  	0.0              
daisy            	7.0     	1.0      	0.0   	0.0     	15.0 	0.0      	1.0     	0.0            	0.0             	1.0    	5.0    	0.0  	1.0 	0.0      	0.0    	0.0  	0.0              
dandelion        	0.0     	8.0      	0.0   	6.0     	0.0  	26.0     	0.0     	0.0            	0.0             	3.0    	0.0    	3.0  	3.0 	9.0      	0.0    	0.0  	1.0              
foxglove         	4.0     	0.0      	6.0   	1.0     	1.0  	0.0      	48.0    	1.0            	1.0             	11.0   	1.0    	0.0  	11.0	1.0      	6.0    	15.0 	0.0              
grape_hyacinths  	1.0     	0.0      	3.0   	0.0     	0.0  	0.0      	1.0     	9.0            	0.0             	0.0    	1.0    	0.0  	0.0 	2.0      	2.0    	1.0  	0.0              
japanese_anemone 	0.0     	0.0      	0.0   	0.0     	0.0  	0.0      	1.0     	1.0            	7.0             	0.0    	0.0    	0.0  	0.0 	0.0      	0.0    	1.0  	0.0              
lilypad          	6.0     	2.0      	1.0   	8.0     	0.0  	0.0      	6.0     	1.0            	0.0             	52.0   	0.0    	1.0  	5.0 	1.0      	4.0    	8.0  	0.0              
orchids          	4.0     	0.0      	0.0   	0.0     	0.0  	0.0      	0.0     	2.0            	0.0             	0.0    	7.0    	0.0  	0.0 	0.0      	0.0    	2.0  	0.0              
poppy            	0.0     	1.0      	0.0   	1.0     	0.0  	0.0      	0.0     	0.0            	0.0             	1.0    	0.0    	4.0  	3.0 	0.0      	0.0    	0.0  	1.0              
rose             	0.0     	0.0      	0.0   	0.0     	1.0  	0.0      	0.0     	0.0            	0.0             	6.0    	1.0    	3.0  	8.0 	0.0      	0.0    	2.0  	0.0              
sunflower        	0.0     	1.0      	0.0   	3.0     	0.0  	1.0      	2.0     	1.0            	0.0             	0.0    	0.0    	1.0  	0.0 	6.0      	0.0    	0.0  	1.0              
thistle          	1.0     	2.0      	1.0   	0.0     	0.0  	1.0      	5.0     	2.0            	0.0             	0.0    	1.0    	0.0  	0.0 	0.0      	6.0    	1.0  	0.0              
viola            	2.0     	0.0      	1.0   	0.0     	0.0  	0.0      	1.0     	0.0            	0.0             	2.0    	0.0    	0.0  	0.0 	1.0      	1.0    	5.0  	0.0              
yellow_wildflower	0.0     	1.0      	0.0   	1.0     	0.0  	0.0      	0.0     	0.0            	0.0             	0.0    	0.0    	1.0  	0.0 	1.0      	0.0    	0.0  	17.0             

Accuracy = 45.68106312292359%

Balanced Accuracy = 44.77783401549452%

C=100
gamma=1
kernel=rbf