                 	bindweed	buttercup	crocus	daffodil	daisy	dandelion	foxglove	grape_hyacinths	japanese_anemone	lilypad	orchids	poppy	rose	sunflower	thistle	viola	yellow_wildflower
bindweed         	41.0    	0.0      	4.0   	1.0     	3.0  	0.0      	4.0     	3.0            	0.0             	13.0   	6.0    	0.0  	2.0 	0.0      	1.0    	4.0  	0.0              
buttercup        	0.0     	8.0      	0.0   	2.0     	0.0  	10.0     	0.0     	0.0            	0.0             	1.0    	0.0    	2.0  	0.0 	0.0      	0.0    	0.0  	0.0              
crocus           	0.0     	0.0      	0.0   	0.0     	0.0  	0.0      	0.0     	0.0            	0.0             	0.0    	0.0    	0.0  	0.0 	0.0      	0.0    	0.0  	0.0              
daffodil         	0.0     	1.0      	0.0   	5.0     	0.0  	1.0      	0.0     	0.0            	0.0             	0.0    	0.0    	0.0  	1.0 	0.0      	0.0    	1.0  	0.0              
daisy            	7.0     	0.0      	0.0   	0.0     	15.0 	0.0      	0.0     	0.0            	0.0             	2.0    	3.0    	0.0  	0.0 	1.0      	0.0    	1.0  	0.0              
dandelion        	0.0     	8.0      	0.0   	8.0     	0.0  	24.0     	2.0     	0.0            	0.0             	1.0    	0.0    	4.0  	3.0 	10.0     	0.0    	0.0  	3.0              
foxglove         	4.0     	0.0      	11.0  	2.0     	0.0  	0.0      	59.0    	3.0            	1.0             	13.0   	2.0    	0.0  	13.0	3.0      	7.0    	20.0 	0.0              
grape_hyacinths  	0.0     	0.0      	3.0   	0.0     	0.0  	0.0      	0.0     	7.0            	0.0             	1.0    	1.0    	0.0  	0.0 	2.0      	2.0    	3.0  	0.0              
japanese_anemone 	0.0     	0.0      	0.0   	0.0     	1.0  	0.0      	0.0     	0.0            	5.0             	0.0    	0.0    	0.0  	0.0 	0.0      	0.0    	0.0  	0.0              
lilypad          	9.0     	3.0      	3.0   	6.0     	2.0  	0.0      	5.0     	4.0            	0.0             	61.0   	2.0    	2.0  	2.0 	1.0      	6.0    	15.0 	0.0              
orchids          	0.0     	1.0      	0.0   	0.0     	1.0  	0.0      	0.0     	3.0            	0.0             	0.0    	7.0    	0.0  	0.0 	0.0      	0.0    	1.0  	0.0              
poppy            	0.0     	0.0      	0.0   	0.0     	0.0  	0.0      	0.0     	0.0            	0.0             	2.0    	0.0    	8.0  	4.0 	0.0      	0.0    	0.0  	0.0              
rose             	0.0     	0.0      	0.0   	1.0     	0.0  	0.0      	2.0     	0.0            	0.0             	2.0    	0.0    	0.0  	7.0 	0.0      	0.0    	1.0  	0.0              
sunflower        	0.0     	5.0      	0.0   	2.0     	0.0  	1.0      	0.0     	0.0            	0.0             	0.0    	0.0    	0.0  	0.0 	5.0      	0.0    	0.0  	1.0              
thistle          	0.0     	3.0      	0.0   	2.0     	0.0  	0.0      	3.0     	3.0            	2.0             	0.0    	0.0    	0.0  	0.0 	0.0      	8.0    	1.0  	1.0              
viola            	3.0     	0.0      	3.0   	0.0     	1.0  	0.0      	4.0     	0.0            	0.0             	0.0    	0.0    	0.0  	0.0 	1.0      	0.0    	3.0  	0.0              
yellow_wildflower	0.0     	1.0      	0.0   	1.0     	0.0  	1.0      	0.0     	0.0            	0.0             	0.0    	0.0    	0.0  	0.0 	1.0      	0.0    	1.0  	15.0             

Accuracy = 46.179401993355484%

Balanced Accuracy = 41.69973153075778%

C=10
gamma=1
kernel=rbf