                 	bindweed	buttercup	crocus	daffodil	daisy	dandelion	foxglove	grape_hyacinths	japanese_anemone	lilypad	orchids	poppy	rose	sunflower	thistle	viola	yellow_wildflower
bindweed         	48.0    	0.0      	2.0   	1.0     	11.0 	0.0      	7.0     	3.0            	0.0             	19.0   	10.0   	0.0  	4.0 	0.0      	3.0    	10.0 	0.0              
buttercup        	0.0     	13.0     	0.0   	5.0     	0.0  	22.0     	0.0     	0.0            	0.0             	3.0    	0.0    	0.0  	6.0 	2.0      	0.0    	0.0  	3.0              
crocus           	5.0     	0.0      	3.0   	0.0     	1.0  	0.0      	5.0     	0.0            	0.0             	5.0    	2.0    	0.0  	3.0 	0.0      	4.0    	3.0  	0.0              
daffodil         	0.0     	2.0      	0.0   	5.0     	0.0  	0.0      	0.0     	1.0            	0.0             	2.0    	0.0    	0.0  	2.0 	1.0      	0.0    	1.0  	0.0              
daisy            	1.0     	0.0      	0.0   	0.0     	10.0 	0.0      	0.0     	0.0            	0.0             	1.0    	1.0    	0.0  	1.0 	0.0      	0.0    	0.0  	0.0              
dandelion        	0.0     	20.0     	0.0   	14.0    	0.0  	24.0     	0.0     	0.0            	0.0             	10.0   	0.0    	0.0  	8.0 	6.0      	0.0    	2.0  	7.0              
foxglove         	0.0     	0.0      	1.0   	0.0     	0.0  	0.0      	35.0    	2.0            	0.0             	1.0    	1.0    	0.0  	3.0 	1.0      	0.0    	9.0  	0.0              
grape_hyacinths  	0.0     	0.0      	2.0   	0.0     	0.0  	0.0      	8.0     	12.0           	1.0             	0.0    	0.0    	0.0  	0.0 	1.0      	0.0    	6.0  	0.0              
japanese_anemone 	0.0     	0.0      	6.0   	0.0     	0.0  	0.0      	9.0     	1.0            	6.0             	5.0    	0.0    	0.0  	0.0 	0.0      	0.0    	2.0  	0.0              
lilypad          	5.0     	0.0      	5.0   	1.0     	2.0  	0.0      	3.0     	2.0            	0.0             	42.0   	2.0    	0.0  	6.0 	0.0      	0.0    	4.0  	0.0              
orchids          	0.0     	0.0      	0.0   	0.0     	0.0  	0.0      	0.0     	0.0            	0.0             	0.0    	2.0    	0.0  	0.0 	0.0      	0.0    	0.0  	0.0              
poppy            	0.0     	0.0      	0.0   	0.0     	0.0  	0.0      	0.0     	0.0            	0.0             	4.0    	0.0    	20.0 	1.0 	1.0      	0.0    	0.0  	0.0              
rose             	0.0     	0.0      	0.0   	0.0     	0.0  	0.0      	4.0     	0.0            	0.0             	1.0    	0.0    	0.0  	4.0 	0.0      	0.0    	0.0  	0.0              
sunflower        	0.0     	0.0      	0.0   	0.0     	0.0  	0.0      	0.0     	0.0            	0.0             	0.0    	0.0    	0.0  	0.0 	14.0     	1.0    	0.0  	0.0              
thistle          	1.0     	0.0      	1.0   	0.0     	0.0  	0.0      	10.0    	0.0            	1.0             	1.0    	1.0    	0.0  	0.0 	1.0      	14.0   	1.0  	0.0              
viola            	0.0     	0.0      	0.0   	0.0     	0.0  	0.0      	0.0     	0.0            	0.0             	2.0    	1.0    	0.0  	0.0 	0.0      	0.0    	4.0  	0.0              
yellow_wildflower	0.0     	1.0      	0.0   	4.0     	0.0  	0.0      	1.0     	0.0            	0.0             	1.0    	0.0    	0.0  	0.0 	4.0      	2.0    	1.0  	17.0             

Accuracy = 43.54066985645933%

Balanced Accuracy = 44.47231403070347%

 Best K = 5