                 	bindweed	buttercup	crocus	daffodil	daisy	dandelion	foxglove	grape_hyacinths	japanese_anemone	lilypad	orchids	poppy	rose	sunflower	thistle	viola	yellow_wildflower
bindweed         	39.0    	0.0      	2.0   	1.0     	5.0  	0.0      	11.0    	8.0            	0.0             	11.0   	6.0    	0.0  	0.0 	1.0      	3.0    	9.0  	0.0              
buttercup        	1.0     	10.0     	0.0   	3.0     	0.0  	12.0     	0.0     	0.0            	0.0             	4.0    	0.0    	0.0  	2.0 	3.0      	1.0    	2.0  	2.0              
crocus           	1.0     	0.0      	2.0   	0.0     	0.0  	0.0      	3.0     	1.0            	1.0             	4.0    	2.0    	0.0  	2.0 	3.0      	5.0    	5.0  	0.0              
daffodil         	0.0     	1.0      	1.0   	6.0     	4.0  	2.0      	3.0     	1.0            	1.0             	5.0    	0.0    	1.0  	0.0 	3.0      	0.0    	1.0  	0.0              
daisy            	1.0     	0.0      	1.0   	2.0     	3.0  	0.0      	4.0     	2.0            	1.0             	3.0    	0.0    	0.0  	0.0 	0.0      	0.0    	2.0  	0.0              
dandelion        	0.0     	13.0     	0.0   	10.0    	1.0  	21.0     	1.0     	0.0            	0.0             	4.0    	0.0    	0.0  	3.0 	6.0      	2.0    	0.0  	12.0             
foxglove         	4.0     	0.0      	5.0   	0.0     	2.0  	0.0      	38.0    	2.0            	1.0             	16.0   	3.0    	1.0  	8.0 	1.0      	3.0    	7.0  	0.0              
grape_hyacinths  	0.0     	0.0      	0.0   	0.0     	1.0  	0.0      	1.0     	1.0            	0.0             	0.0    	0.0    	0.0  	0.0 	0.0      	0.0    	0.0  	0.0              
japanese_anemone 	0.0     	0.0      	0.0   	0.0     	0.0  	0.0      	0.0     	0.0            	0.0             	0.0    	0.0    	0.0  	0.0 	0.0      	0.0    	0.0  	0.0              
lilypad          	10.0    	2.0      	6.0   	4.0     	7.0  	3.0      	18.0    	5.0            	3.0             	41.0   	1.0    	1.0  	14.0	1.0      	4.0    	2.0  	0.0              
orchids          	3.0     	0.0      	2.0   	0.0     	0.0  	0.0      	0.0     	0.0            	0.0             	0.0    	6.0    	0.0  	1.0 	0.0      	1.0    	0.0  	0.0              
poppy            	0.0     	0.0      	1.0   	0.0     	0.0  	0.0      	0.0     	0.0            	0.0             	1.0    	0.0    	16.0 	3.0 	0.0      	0.0    	1.0  	0.0              
rose             	0.0     	0.0      	0.0   	0.0     	0.0  	0.0      	2.0     	0.0            	0.0             	2.0    	1.0    	1.0  	2.0 	0.0      	1.0    	0.0  	0.0              
sunflower        	0.0     	3.0      	0.0   	2.0     	0.0  	2.0      	1.0     	0.0            	0.0             	2.0    	0.0    	0.0  	0.0 	5.0      	0.0    	1.0  	3.0              
thistle          	0.0     	0.0      	0.0   	0.0     	1.0  	0.0      	0.0     	0.0            	0.0             	3.0    	0.0    	0.0  	0.0 	0.0      	3.0    	0.0  	0.0              
viola            	1.0     	0.0      	0.0   	0.0     	0.0  	0.0      	0.0     	1.0            	0.0             	1.0    	1.0    	0.0  	0.0 	1.0      	0.0    	13.0 	0.0              
yellow_wildflower	0.0     	7.0      	0.0   	2.0     	0.0  	6.0      	0.0     	0.0            	1.0             	0.0    	0.0    	0.0  	3.0 	7.0      	1.0    	0.0  	10.0             

Accuracy = 34.44976076555024%

Balanced Accuracy = 28.55665567257923%

 Best K = 5