                 	bindweed	buttercup	crocus	daffodil	daisy	dandelion	foxglove	grape_hyacinths	japanese_anemone	lilypad	orchids	poppy	rose	sunflower	thistle	viola	yellow_wildflower
bindweed         	38.0    	0.0      	1.0   	1.0     	3.0  	0.0      	4.0     	1.0            	0.0             	11.0   	5.0    	0.0  	1.0 	0.0      	3.0    	6.0  	0.0              
buttercup        	0.0     	15.0     	0.0   	4.0     	0.0  	18.0     	1.0     	0.0            	0.0             	3.0    	0.0    	0.0  	2.0 	1.0      	0.0    	1.0  	0.0              
crocus           	6.0     	0.0      	5.0   	0.0     	0.0  	0.0      	4.0     	1.0            	1.0             	1.0    	3.0    	0.0  	1.0 	0.0      	1.0    	1.0  	0.0              
daffodil         	0.0     	2.0      	0.0   	5.0     	0.0  	1.0      	0.0     	0.0            	0.0             	4.0    	0.0    	0.0  	0.0 	2.0      	0.0    	1.0  	0.0              
daisy            	5.0     	0.0      	0.0   	0.0     	20.0 	0.0      	1.0     	0.0            	0.0             	3.0    	1.0    	0.0  	0.0 	0.0      	0.0    	0.0  	0.0              
dandelion        	0.0     	19.0     	0.0   	18.0    	0.0  	25.0     	0.0     	0.0            	0.0             	2.0    	0.0    	0.0  	6.0 	7.0      	0.0    	1.0  	2.0              
foxglove         	3.0     	0.0      	2.0   	0.0     	0.0  	0.0      	34.0    	2.0            	2.0             	5.0    	0.0    	0.0  	2.0 	0.0      	1.0    	4.0  	0.0              
grape_hyacinths  	0.0     	0.0      	1.0   	0.0     	0.0  	0.0      	4.0     	11.0           	0.0             	0.0    	0.0    	0.0  	0.0 	0.0      	1.0    	3.0  	0.0              
japanese_anemone 	0.0     	0.0      	4.0   	0.0     	0.0  	0.0      	10.0    	1.0            	5.0             	8.0    	0.0    	0.0  	0.0 	0.0      	1.0    	2.0  	0.0              
lilypad          	4.0     	0.0      	5.0   	1.0     	1.0  	0.0      	9.0     	2.0            	0.0             	45.0   	3.0    	0.0  	7.0 	0.0      	0.0    	7.0  	0.0              
orchids          	2.0     	0.0      	0.0   	0.0     	0.0  	0.0      	2.0     	0.0            	0.0             	0.0    	8.0    	0.0  	2.0 	0.0      	0.0    	0.0  	0.0              
poppy            	0.0     	0.0      	0.0   	0.0     	0.0  	0.0      	2.0     	0.0            	0.0             	4.0    	0.0    	19.0 	3.0 	1.0      	0.0    	0.0  	0.0              
rose             	0.0     	0.0      	0.0   	0.0     	0.0  	0.0      	6.0     	1.0            	0.0             	7.0    	0.0    	1.0  	11.0	0.0      	0.0    	0.0  	0.0              
sunflower        	0.0     	0.0      	0.0   	0.0     	0.0  	0.0      	0.0     	0.0            	0.0             	0.0    	0.0    	0.0  	0.0 	15.0     	0.0    	0.0  	2.0              
thistle          	0.0     	0.0      	1.0   	0.0     	0.0  	0.0      	1.0     	2.0            	0.0             	3.0    	0.0    	0.0  	0.0 	0.0      	15.0   	0.0  	0.0              
viola            	2.0     	0.0      	1.0   	0.0     	0.0  	0.0      	2.0     	0.0            	0.0             	0.0    	0.0    	0.0  	0.0 	0.0      	1.0    	17.0 	0.0              
yellow_wildflower	0.0     	0.0      	0.0   	1.0     	0.0  	2.0      	2.0     	0.0            	0.0             	1.0    	0.0    	0.0  	3.0 	5.0      	1.0    	0.0  	23.0             

Accuracy = 49.601275917065394%

Balanced Accuracy = 52.155204692984505%

 Best K = 1