                 	bindweed	buttercup	crocus	daffodil	daisy	dandelion	foxglove	grape_hyacinths	japanese_anemone	lilypad	orchids	poppy	rose	sunflower	thistle	viola	yellow_wildflower
bindweed         	27.0    	1.0      	4.0   	2.0     	1.0  	1.0      	2.0     	0.0            	0.0             	2.0    	1.0    	6.0  	4.0 	0.0      	0.0    	0.0  	0.0              
buttercup        	5.0     	2.0      	1.0   	5.0     	1.0  	0.0      	5.0     	0.0            	0.0             	6.0    	1.0    	0.0  	0.0 	1.0      	0.0    	3.0  	1.0              
crocus           	5.0     	1.0      	2.0   	2.0     	0.0  	2.0      	3.0     	1.0            	0.0             	3.0    	1.0    	1.0  	2.0 	2.0      	0.0    	1.0  	0.0              
daffodil         	0.0     	0.0      	0.0   	3.0     	0.0  	0.0      	0.0     	0.0            	0.0             	2.0    	0.0    	0.0  	1.0 	0.0      	0.0    	2.0  	0.0              
daisy            	4.0     	6.0      	0.0   	2.0     	8.0  	3.0      	8.0     	2.0            	1.0             	8.0    	2.0    	1.0  	3.0 	4.0      	1.0    	7.0  	4.0              
dandelion        	3.0     	4.0      	2.0   	0.0     	3.0  	10.0     	1.0     	1.0            	0.0             	3.0    	0.0    	0.0  	4.0 	1.0      	3.0    	1.0  	0.0              
foxglove         	1.0     	1.0      	0.0   	1.0     	2.0  	1.0      	8.0     	2.0            	0.0             	5.0    	0.0    	0.0  	3.0 	0.0      	4.0    	0.0  	2.0              
grape_hyacinths  	2.0     	1.0      	2.0   	0.0     	0.0  	2.0      	4.0     	7.0            	0.0             	6.0    	0.0    	0.0  	0.0 	0.0      	1.0    	1.0  	1.0              
japanese_anemone 	0.0     	2.0      	0.0   	0.0     	0.0  	3.0      	0.0     	0.0            	5.0             	0.0    	0.0    	2.0  	0.0 	0.0      	0.0    	1.0  	0.0              
lilypad          	4.0     	4.0      	4.0   	10.0    	3.0  	17.0     	25.0    	5.0            	0.0             	30.0   	2.0    	0.0  	11.0	6.0      	6.0    	5.0  	7.0              
orchids          	3.0     	1.0      	0.0   	0.0     	0.0  	0.0      	0.0     	1.0            	0.0             	2.0    	5.0    	2.0  	1.0 	0.0      	0.0    	0.0  	0.0              
poppy            	5.0     	2.0      	1.0   	1.0     	2.0  	0.0      	2.0     	0.0            	0.0             	3.0    	1.0    	5.0  	0.0 	0.0      	0.0    	3.0  	0.0              
rose             	0.0     	5.0      	2.0   	0.0     	3.0  	3.0      	9.0     	0.0            	0.0             	16.0   	2.0    	0.0  	6.0 	4.0      	2.0    	0.0  	0.0              
sunflower        	0.0     	0.0      	0.0   	1.0     	1.0  	0.0      	0.0     	0.0            	0.0             	1.0    	0.0    	0.0  	1.0 	9.0      	0.0    	0.0  	0.0              
thistle          	0.0     	0.0      	0.0   	0.0     	0.0  	1.0      	0.0     	0.0            	0.0             	0.0    	0.0    	0.0  	0.0 	0.0      	5.0    	0.0  	0.0              
viola            	1.0     	3.0      	1.0   	3.0     	0.0  	2.0      	9.0     	0.0            	0.0             	3.0    	5.0    	2.0  	0.0 	1.0      	1.0    	17.0 	2.0              
yellow_wildflower	0.0     	3.0      	1.0   	0.0     	0.0  	1.0      	6.0     	2.0            	2.0             	7.0    	0.0    	1.0  	2.0 	3.0      	1.0    	2.0  	10.0             

Accuracy = 25.358851674641148%

Balanced Accuracy = 26.72778065350318%

 Best K = 1