                 	bindweed	buttercup	crocus	daffodil	daisy	dandelion	foxglove	grape_hyacinths	japanese_anemone	lilypad	orchids	poppy	rose	sunflower	thistle	viola	yellow_wildflower
bindweed         	38.0    	4.0      	6.0   	8.0     	1.0  	1.0      	7.0     	2.0            	0.0             	11.0   	1.0    	6.0  	2.0 	1.0      	0.0    	2.0  	0.0              
buttercup        	1.0     	3.0      	0.0   	0.0     	1.0  	4.0      	3.0     	2.0            	0.0             	3.0    	0.0    	0.0  	0.0 	0.0      	0.0    	1.0  	3.0              
crocus           	0.0     	0.0      	3.0   	0.0     	0.0  	0.0      	2.0     	0.0            	0.0             	0.0    	0.0    	0.0  	0.0 	0.0      	0.0    	0.0  	0.0              
daffodil         	4.0     	1.0      	0.0   	6.0     	0.0  	0.0      	0.0     	0.0            	0.0             	3.0    	0.0    	0.0  	3.0 	0.0      	0.0    	0.0  	0.0              
daisy            	0.0     	6.0      	0.0   	0.0     	10.0 	2.0      	3.0     	1.0            	0.0             	9.0    	1.0    	1.0  	2.0 	4.0      	3.0    	5.0  	5.0              
dandelion        	1.0     	5.0      	2.0   	0.0     	3.0  	13.0     	2.0     	0.0            	0.0             	6.0    	1.0    	0.0  	4.0 	0.0      	2.0    	2.0  	1.0              
foxglove         	2.0     	3.0      	0.0   	0.0     	0.0  	0.0      	20.0    	2.0            	0.0             	2.0    	0.0    	1.0  	3.0 	0.0      	7.0    	1.0  	0.0              
grape_hyacinths  	0.0     	0.0      	0.0   	0.0     	1.0  	1.0      	1.0     	1.0            	0.0             	0.0    	0.0    	0.0  	0.0 	0.0      	0.0    	1.0  	0.0              
japanese_anemone 	0.0     	0.0      	0.0   	0.0     	0.0  	0.0      	0.0     	0.0            	4.0             	0.0    	0.0    	0.0  	0.0 	0.0      	0.0    	2.0  	0.0              
lilypad          	11.0    	6.0      	8.0   	9.0     	5.0  	18.0     	24.0    	10.0           	0.0             	50.0   	5.0    	2.0  	17.0	16.0     	8.0    	9.0  	8.0              
orchids          	0.0     	0.0      	0.0   	0.0     	0.0  	0.0      	0.0     	0.0            	0.0             	2.0    	5.0    	2.0  	0.0 	0.0      	0.0    	0.0  	0.0              
poppy            	0.0     	0.0      	0.0   	1.0     	0.0  	0.0      	1.0     	0.0            	0.0             	0.0    	2.0    	1.0  	0.0 	0.0      	0.0    	0.0  	0.0              
rose             	2.0     	1.0      	1.0   	1.0     	0.0  	2.0      	1.0     	0.0            	0.0             	4.0    	1.0    	0.0  	1.0 	1.0      	0.0    	0.0  	0.0              
sunflower        	0.0     	1.0      	0.0   	0.0     	2.0  	2.0      	3.0     	0.0            	0.0             	3.0    	0.0    	0.0  	1.0 	7.0      	0.0    	0.0  	1.0              
thistle          	0.0     	0.0      	0.0   	0.0     	0.0  	0.0      	0.0     	0.0            	0.0             	0.0    	0.0    	0.0  	0.0 	0.0      	3.0    	0.0  	0.0              
viola            	1.0     	4.0      	0.0   	5.0     	1.0  	1.0      	7.0     	0.0            	2.0             	3.0    	4.0    	3.0  	1.0 	0.0      	0.0    	18.0 	0.0              
yellow_wildflower	0.0     	2.0      	0.0   	0.0     	0.0  	2.0      	8.0     	3.0            	2.0             	1.0    	0.0    	4.0  	4.0 	2.0      	1.0    	2.0  	9.0              

Accuracy = 30.62200956937799%

Balanced Accuracy = 26.482280345514287%

 Best K = 7