                 	bindweed	buttercup	crocus	daffodil	daisy	dandelion	foxglove	grape_hyacinths	japanese_anemone	lilypad	orchids	poppy	rose	sunflower	thistle	viola	yellow_wildflower
bindweed         	34.0    	4.0      	7.0   	11.0    	1.0  	7.0      	7.0     	1.0            	0.0             	22.0   	7.0    	9.0  	9.0 	3.0      	0.0    	3.0  	0.0              
buttercup        	2.0     	8.0      	0.0   	0.0     	8.0  	9.0      	7.0     	4.0            	2.0             	9.0    	2.0    	1.0  	5.0 	5.0      	0.0    	10.0 	5.0              
crocus           	2.0     	1.0      	4.0   	6.0     	0.0  	1.0      	2.0     	1.0            	0.0             	8.0    	4.0    	1.0  	0.0 	0.0      	0.0    	1.0  	0.0              
daffodil         	6.0     	1.0      	1.0   	1.0     	0.0  	2.0      	7.0     	1.0            	0.0             	2.0    	0.0    	0.0  	1.0 	2.0      	0.0    	2.0  	0.0              
daisy            	0.0     	4.0      	0.0   	0.0     	6.0  	8.0      	4.0     	2.0            	0.0             	12.0   	1.0    	0.0  	2.0 	3.0      	5.0    	2.0  	7.0              
dandelion        	3.0     	4.0      	3.0   	1.0     	5.0  	8.0      	7.0     	3.0            	0.0             	11.0   	0.0    	0.0  	3.0 	4.0      	4.0    	3.0  	1.0              
foxglove         	4.0     	3.0      	0.0   	3.0     	1.0  	1.0      	34.0    	4.0            	0.0             	7.0    	2.0    	1.0  	5.0 	3.0      	8.0    	4.0  	1.0              
grape_hyacinths  	1.0     	0.0      	0.0   	0.0     	0.0  	1.0      	0.0     	2.0            	1.0             	1.0    	0.0    	0.0  	0.0 	1.0      	0.0    	0.0  	3.0              
japanese_anemone 	0.0     	0.0      	0.0   	0.0     	0.0  	1.0      	0.0     	0.0            	2.0             	0.0    	0.0    	1.0  	0.0 	1.0      	0.0    	1.0  	0.0              
lilypad          	7.0     	5.0      	5.0   	4.0     	2.0  	4.0      	8.0     	3.0            	0.0             	18.0   	2.0    	2.0  	8.0 	4.0      	2.0    	3.0  	4.0              
orchids          	0.0     	1.0      	0.0   	1.0     	0.0  	0.0      	2.0     	0.0            	0.0             	1.0    	0.0    	0.0  	1.0 	0.0      	0.0    	1.0  	0.0              
poppy            	0.0     	0.0      	0.0   	0.0     	0.0  	0.0      	0.0     	0.0            	0.0             	1.0    	0.0    	1.0  	0.0 	0.0      	0.0    	0.0  	0.0              
rose             	0.0     	0.0      	0.0   	3.0     	0.0  	1.0      	1.0     	0.0            	0.0             	1.0    	0.0    	0.0  	2.0 	0.0      	2.0    	0.0  	0.0              
sunflower        	1.0     	1.0      	0.0   	0.0     	0.0  	0.0      	0.0     	0.0            	0.0             	1.0    	0.0    	0.0  	2.0 	4.0      	1.0    	2.0  	1.0              
thistle          	0.0     	0.0      	0.0   	0.0     	1.0  	0.0      	1.0     	0.0            	0.0             	0.0    	0.0    	0.0  	0.0 	0.0      	1.0    	0.0  	0.0              
viola            	0.0     	3.0      	0.0   	0.0     	0.0  	1.0      	2.0     	0.0            	2.0             	2.0    	2.0    	3.0  	0.0 	0.0      	1.0    	9.0  	0.0              
yellow_wildflower	0.0     	1.0      	0.0   	0.0     	0.0  	2.0      	0.0     	0.0            	1.0             	1.0    	0.0    	1.0  	0.0 	1.0      	0.0    	2.0  	5.0              

Accuracy = 22.169059011164276%

Balanced Accuracy = 17.996426659026184%

 Best K = 3